20 10 5 1 10 1 8 1308 82 318 240 78 92 2 52
20 10 5 1 10 1 8 1309 85 316 238 78 93 4 55
20 10 5 1 10 1 8 1310 92 313 235 78 95 7 54
20 10 5 1 10 1 8 1311 96 331 248 83 96 9 55
20 10 5 1 10 1 8 1312 99 330 244 86 97 10 60
20 10 5 1 10 1 8 1313 104 327 241 86 100 13 63
20 10 5 1 10 1 8 1314 110 342 256 86 103 18 62
20 10 5 1 10 1 8 1315 112 338 250 88 103 22 59
20 10 5 1 10 1 8 1316 116 337 248 89 102 23 60
20 10 5 1 10 1 8 1317 122 356 264 92 102 24 65
20 10 5 1 10 1 8 1318 131 352 258 94 106 28 68
20 10 5 1 10 1 8 1319 134 351 249 102 106 29 69
20 10 5 1 10 1 8 1320 141 368 266 102 108 32 69
20 10 5 1 10 1 8 1321 147 365 259 106 109 35 71
20 10 5 1 10 1 8 1322 153 364 253 111 110 36 75
20 10 5 1 10 1 8 1323 159 374 267 107 116 46 67
20 10 5 1 10 1 8 1324 166 369 261 108 120 51 66
20 10 5 1 10 1 8 1325 174 369 254 115 118 51 76
20 10 5 1 10 1 8 1326 182 387 266 121 120 53 78
20 10 5 1 10 1 8 1327 189 385 258 127 120 55 83
20 10 5 1 10 1 8 1328 192 377 251 126 125 63 83
20 10 5 1 10 1 8 1329 202 389 268 121 132 71 81
20 10 5 1 10 1 8 1330 213 385 258 127 133 75 82
20 10 5 1 10 1 8 1331 216 384 247 137 133 76 84
20 10 5 1 10 1 8 1332 224 397 264 133 140 83 87
20 10 5 1 10 1 8 1333 236 394 256 138 141 86 91
20 10 5 1 10 1 8 1334 241 391 244 147 142 89 97
20 10 5 1 10 1 8 1335 247 409 259 150 144 91 100
20 10 5 1 10 1 8 1336 252 402 253 149 149 98 99
20 10 5 1 10 1 8 1337 260 397 248 149 152 103 104
20 10 5 1 10 1 8 1338 265 414 260 154 153 106 107
20 10 5 1 10 1 8 1339 275 413 255 158 147 107 114
20 10 5 1 10 1 8 1340 283 407 245 162 149 113 115
20 10 5 1 10 1 8 1341 291 426 257 169 150 114 123
20 10 5 1 10 1 8 1342 307 420 249 171 154 120 124
20 10 5 1 10 1 8 1343 311 411 233 178 160 129 119
20 10 5 1 10 1 8 1344 320 422 249 173 166 138 119
20 10 5 1 10 1 8 1345 329 417 240 177 171 143 118
20 10 5 1 10 1 8 1346 340 412 231 181 175 148 120
20 10 5 1 10 1 8 1347 348 425 240 185 181 155 123
20 10 5 1 10 1 8 1348 355 419 232 187 186 161 125
20 10 5 1 10 1 8 1349 367 416 225 191 185 164 137
20 10 5 1 10 1 8 1350 384 425 233 192 194 175 135
20 10 5 1 10 1 8 1351 393 421 216 205 196 179 137
20 10 5 1 10 1 8 1352 401 413 207 206 202 187 138
20 10 5 1 10 1 8 1353 411 422 219 203 211 198 139
20 10 5 1 10 1 8 1354 423 414 209 205 214 206 139
20 10 5 1 10 1 8 1355 429 408 197 211 215 212 140
20 10 5 1 10 1 8 1356 439 424 211 213 216 216 146
20 10 5 1 10 1 8 1357 461 418 201 217 219 222 154
20 10 5 1 10 1 8 1358 472 407 179 228 226 233 154
20 10 5 1 10 1 8 1359 486 420 188 232 230 240 156
20 10 5 1 10 1 8 1360 499 414 174 240 234 246 160
20 10 5 1 10 1 8 1361 508 410 161 249 236 250 165
20 10 5 1 10 1 8 1362 518 423 172 251 238 257 167
20 10 5 1 10 1 8 1363 529 418 162 256 242 262 168
20 10 5 1 10 1 8 1364 544 403 151 252 256 277 173
20 10 5 1 10 1 8 1365 562 411 156 255 260 289 180
20 10 5 1 10 1 8 1366 572 405 138 267 261 295 183
20 10 5 1 10 1 8 1367 585 395 128 267 265 305 189
20 10 5 1 10 1 8 1368 594 405 135 270 267 315 186
20 10 5 1 10 1 8 1369 610 397 126 271 272 323 189
20 10 5 1 10 1 8 1370 617 393 110 283 270 327 198
20 10 5 1 10 1 8 1371 626 402 123 279 279 338 195
20 10 5 1 10 1 8 1372 650 393 114 279 280 347 205
20 10 5 1 10 1 8 1373 661 387 90 297 282 353 216
20 10 5 1 10 1 8 1374 670 387 99 288 299 373 205
20 10 5 1 10 1 8 1375 686 376 90 286 300 384 204
20 10 5 1 10 1 8 1376 690 367 74 293 301 393 207
20 10 5 1 10 1 8 1377 702 381 90 291 305 399 214
20 10 5 1 10 1 8 1378 717 374 78 296 304 406 216
20 10 5 1 10 1 8 1379 722 364 63 301 310 416 220
20 10 5 1 10 1 8 1380 735 374 78 296 310 426 232
20 10 5 1 10 1 8 1381 746 363 65 298 319 437 227
20 10 5 1 10 1 8 1382 751 343 54 289 334 457 218
20 10 5 1 10 1 8 1383 760 349 69 280 336 471 216
20 10 5 1 10 1 8 1384 768 338 60 278 341 482 216
20 10 5 1 10 1 8 1385 777 329 52 277 339 491 224
20 10 5 1 10 1 8 1386 783 335 63 272 346 505 213
20 10 5 1 10 1 8 1387 795 322 57 265 352 518 210
20 10 5 1 10 1 8 1388 798 312 45 267 358 528 215
20 10 5 1 10 1 8 1389 807 315 62 253 370 545 203
20 10 5 1 10 1 8 1390 816 298 53 245 381 562 194
20 10 5 1 10 1 8 1391 818 290 44 246 385 570 195
20 10 5 1 10 1 8 1392 830 292 62 230 396 588 185
20 10 5 1 10 1 8 1393 838 282 50 232 401 598 179
20 10 5 1 10 1 8 1394 839 272 42 230 400 608 179
20 10 5 1 10 1 8 1395 844 282 61 221 401 618 179
20 10 5 1 10 1 8 1396 855 270 56 214 407 630 174
20 10 5 1 10 1 8 1397 858 259 45 214 409 641 169
20 10 5 1 10 1 8 1398 866 268 62 206 408 652 164
20 10 5 1 10 1 8 1399 875 251 54 197 412 669 155
20 10 5 1 10 1 8 1400 878 239 45 194 418 681 152
20 10 5 1 10 1 8 1401 882 243 62 181 426 697 141
20 10 5 1 10 1 8 1402 896 236 58 178 426 704 136
20 10 5 1 10 1 8 1403 897 225 44 181 424 715 136
20 10 5 1 10 1 8 1404 905 234 63 171 421 726 131
20 10 5 1 10 1 8 1405 917 222 55 167 426 738 124
20 10 5 1 10 1 8 1406 919 215 43 172 422 745 127
20 10 5 1 10 1 8 1407 926 230 61 169 414 750 127
20 10 5 1 10 1 8 1408 936 223 54 169 411 757 123
20 10 5 1 10 1 8 1409 937 216 44 172 405 764 125
20 10 5 1 10 1 8 1410 946 209 43 166 406 771 126
20 10 5 1 10 1 8 1410 946 209 43 166 482 771 126
20 10 5 1 10 1 8 1440 946 209 43 166 93 771 126
20 10 5 1 10 1 9 1441 0 0 0 0 93 0 0
20 10 5 1 10 1 9 1442 0 0 0 0 93 0 0
20 10 5 1 10 1 9 1443 0 20 20 0 93 0 0
20 10 5 1 10 1 9 1444 0 20 20 0 93 0 0
20 10 5 1 10 1 9 1445 0 20 20 0 93 0 0
20 10 5 1 10 1 9 1446 0 40 40 0 93 0 0
20 10 5 1 10 1 9 1447 0 40 40 0 93 0 0
20 10 5 1 10 1 9 1448 0 40 40 0 93 0 0
20 10 5 1 10 1 9 1449 0 60 60 0 93 0 0
20 10 5 1 10 1 9 1450 0 60 60 0 93 0 0
20 10 5 1 10 1 9 1451 0 60 60 0 93 0 0
20 10 5 1 10 1 9 1452 0 80 80 0 93 0 0
20 10 5 1 10 1 9 1453 0 80 80 0 93 0 0
20 10 5 1 10 1 9 1454 0 80 80 0 93 0 0
20 10 5 1 10 1 9 1455 0 100 100 0 93 0 0
20 10 5 1 10 1 9 1456 0 100 100 0 93 0 0
20 10 5 1 10 1 9 1457 0 100 100 0 93 0 0
20 10 5 1 10 1 9 1458 0 120 120 0 93 0 0
20 10 5 1 10 1 9 1459 0 120 120 0 93 0 0
20 10 5 1 10 1 9 1460 1 120 120 0 93 0 0
20 10 5 1 10 1 9 1461 1 140 139 1 93 0 0
20 10 5 1 10 1 9 1462 2 140 139 1 93 0 0
20 10 5 1 10 1 9 1463 3 140 138 2 92 0 0
20 10 5 1 10 1 9 1464 4 160 157 3 92 0 0
20 10 5 1 10 1 9 1465 6 160 156 4 92 0 0
20 10 5 1 10 1 9 1466 9 160 154 6 92 0 0
20 10 5 1 10 1 9 1467 12 180 171 9 92 0 0
20 10 5 1 10 1 9 1468 17 180 168 12 92 0 1
20 10 5 1 10 1 9 1469 18 180 163 17 91 0 1
20 10 5 1 10 1 9 1470 19 200 182 18 91 0 2
20 10 5 1 10 1 9 1471 22 200 181 19 90 0 3
20 10 5 1 10 1 9 1472 24 200 178 22 90 0 4
20 10 5 1 10 1 9 1473 29 220 196 24 89 0 7
20 10 5 1 10 1 9 1474 36 220 191 29 88 0 10
20 10 5 1 10 1 9 1475 36 220 184 36 87 0 14
20 10 5 1 10 1 9 1476 43 240 204 36 87 0 18
20 10 5 1 10 1 9 1477 47 240 197 43 87 0 19
20 10 5 1 10 1 9 1478 50 240 193 47 87 0 20
20 10 5 1 10 1 9 1479 52 260 210 50 87 0 23
20 10 5 1 10 1 9 1480 53 260 208 52 87 0 25
20 10 5 1 10 1 9 1481 58 260 207 53 87 0 32
20 10 5 1 10 1 9 1482 64 280 222 58 87 0 36
20 10 5 1 10 1 9 1483 69 280 216 64 87 0 37
20 10 5 1 10 1 9 1484 75 280 211 69 87 0 44
20 10 5 1 10 1 9 1485 78 298 225 73 86 2 46
20 10 5 1 10 1 9 1486 83 298 222 76 83 2 48
20 10 5 1 10 1 9 1487 85 298 217 81 83 2 50
20 10 5 1 10 1 9 1488 89 317 235 82 84 3 51
20 10 5 1 10 1 9 1489 96 316 231 85 85 4 57
20 10 5 1 10 1 9 1490 101 314 224 90 85 6 59
20 10 5 1 10 1 9 1491 102 334 239 95 84 6 67
20 10 5 1 10 1 9 1492 111 328 238 90 89 12 64
20 10 5 1 10 1 9 1493 113 326 229 97 88 14 66
20 10 5 1 10 1 9 1494 116 344 247 97 90 16 68
20 10 5 1 10 1 9 1495 127 340 244 96 93 20 68
20 10 5 1 10 1 9 1496 136 338 233 105 92 22 72
20 10 5 1 10 1 9 1497 139 354 244 110 95 26 74
20 10 5 1 10 1 9 1498 142 353 241 112 92 27 75
20 10 5 1 10 1 9 1499 148 345 238 107 100 35 71
20 10 5 1 10 1 9 1500 151 358 252 106 105 42 69
20 10 5 1 10 1 9 1501 159 356 249 107 105 44 71
20 10 5 1 10 1 9 1502 165 354 241 113 107 46 77
20 10 5 1 10 1 9 1503 173 372 255 117 109 48 84
20 10 5 1 10 1 9 1504 180 371 247 124 108 49 89
20 10 5 1 10 1 9 1505 190 367 240 127 108 53 88
20 10 5 1 10 1 9 1506 197 381 250 131 114 59 85
20 10 5 1 10 1 9 1507 208 374 243 131 119 66 83
20 10 5 1 10 1 9 1508 212 368 232 136 125 72 83
20 10 5 1 10 1 9 1509 218 386 248 138 126 74 86
20 10 5 1 10 1 9 1510 227 380 242 138 131 80 89
20 10 5 1 10 1 9 1511 233 378 233 145 131 82 94
20 10 5 1 10 1 9 1512 242 394 247 147 132 86 97
20 10 5 1 10 1 9 1513 253 390 238 152 136 90 101
20 10 5 1 10 1 9 1514 263 387 227 160 138 93 111
20 10 5 1 10 1 9 1515 267 401 237 164 140 99 110
20 10 5 1 10 1 9 1516 277 395 233 162 144 105 109
20 10 5 1 10 1 9 1517 281 388 223 165 149 112 112
20 10 5 1 10 1 9 1518 292 403 239 164 151 117 114
20 10 5 1 10 1 9 1519 304 397 228 169 155 123 114
20 10 5 1 10 1 9 1520 314 390 216 174 160 130 117
20 10 5 1 10 1 9 1521 325 406 226 180 162 134 123
20 10 5 1 10 1 9 1522 339 402 215 187 162 138 127
20 10 5 1 10 1 9 1523 344 398 201 197 160 142 130
20 10 5 1 10 1 9 1524 355 416 216 200 160 144 136
20 10 5 1 10 1 9 1525 364 408 205 203 167 152 138
20 10 5 1 10 1 9 1526 372 399 196 203 174 161 138
20 10 5 1 10 1 9 1527 379 413 208 205 176 167 141
20 10 5 1 10 1 9 1528 387 405 201 204 182 175 143
20 10 5 1 10 1 9 1529 400 398 193 205 187 182 150
20 10 5 1 10 1 9 1530 412 414 200 214 186 186 155
20 10 5 1 10 1 9 1531 431 404 188 216 194 196 154
20 10 5 1 10 1 9 1532 442 402 169 233 193 198 164
20 10 5 1 10 1 9 1533 454 411 178 233 203 209 160
20 10 5 1 10 1 9 1534 458 402 166 236 210 218 158
20 10 5 1 10 1 9 1535 465 394 162 232 215 226 157
20 10 5 1 10 1 9 1536 470 404 175 229 225 236 156
20 10 5 1 10 1 9 1537 492 392 170 222 231 248 157
20 10 5 1 10 1 9 1538 501 385 148 237 237 255 168
20 10 5 1 10 1 9 1539 515 399 159 240 237 261 174
20 10 5 1 10 1 9 1540 525 389 145 244 244 271 179
20 10 5 1 10 1 9 1541 530 383 135 248 245 277 178
20 10 5 1 10 1 9 1542 544 394 150 244 252 286 178
20 10 5 1 10 1 9 1543 555 382 136 246 262 298 169
20 10 5 1 10 1 9 1544 565 378 125 253 259 302 180
20 10 5 1 10 1 9 1545 569 383 135 248 269 317 179
20 10 5 1 10 1 9 1546 582 375 131 244 270 325 181
20 10 5 1 10 1 9 1547 598 363 118 245 281 337 184
20 10 5 1 10 1 9 1548 610 378 122 256 285 342 185
20 10 5 1 10 1 9 1549 619 364 110 254 294 356 186
20 10 5 1 10 1 9 1550 628 352 101 251 301 368 182
20 10 5 1 10 1 9 1551 637 368 112 256 302 372 186
20 10 5 1 10 1 9 1552 646 359 103 256 307 381 185
20 10 5 1 10 1 9 1553 650 346 94 252 314 394 183
20 10 5 1 10 1 9 1554 665 356 110 246 320 404 186
20 10 5 1 10 1 9 1555 682 348 95 253 320 412 190
20 10 5 1 10 1 9 1556 687 332 78 254 330 428 183
20 10 5 1 10 1 9 1557 693 340 93 247 336 440 183
20 10 5 1 10 1 9 1558 705 330 87 243 337 450 183
20 10 5 1 10 1 9 1559 709 320 75 245 343 460 180
20 10 5 1 10 1 9 1560 715 330 91 239 342 470 178
20 10 5 1 10 1 9 1561 724 323 85 238 341 477 180
20 10 5 1 10 1 9 1562 735 312 76 236 347 488 187
20 10 5 1 10 1 9 1563 746 320 85 235 352 500 183
20 10 5 1 10 1 9 1564 757 305 74 231 365 515 174
20 10 5 1 10 1 9 1565 761 292 63 229 368 528 171
20 10 5 1 10 1 9 1566 775 309 79 230 368 531 176
20 10 5 1 10 1 9 1567 784 299 65 234 372 541 172
20 10 5 1 10 1 9 1568 788 284 56 228 381 556 165
20 10 5 1 10 1 9 1569 797 291 72 219 386 569 164
20 10 5 1 10 1 9 1570 803 288 63 225 381 572 168
20 10 5 1 10 1 9 1571 805 278 57 221 386 582 168
20 10 5 1 10 1 9 1572 815 287 75 212 390 593 166
20 10 5 1 10 1 9 1573 828 278 65 213 390 602 165
20 10 5 1 10 1 9 1574 838 268 52 216 390 612 168
20 10 5 1 10 1 9 1575 844 270 62 208 398 630 155
20 10 5 1 10 1 9 1576 851 261 56 205 401 639 155
20 10 5 1 10 1 9 1577 856 254 49 205 403 646 152
20 10 5 1 10 1 9 1578 865 265 64 201 404 655 149
20 10 5 1 10 1 9 1579 875 256 55 201 404 664 148
20 10 5 1 10 1 9 1580 879 241 45 196 410 679 141
20 10 5 1 10 1 9 1581 889 250 61 189 412 690 145
20 10 5 1 10 1 9 1582 896 242 51 191 412 698 140
20 10 5 1 10 1 9 1583 898 238 44 194 406 702 144
20 10 5 1 10 1 9 1584 907 247 62 185 407 713 142
20 10 5 1 10 1 9 1585 915 238 53 185 405 722 139
20 10 5 1 10 1 9 1586 916 231 45 186 408 729 141
20 10 5 1 10 1 9 1587 922 246 64 182 409 734 143
20 10 5 1 10 1 9 1588 936 236 58 178 409 744 141
20 10 5 1 10 1 9 1589 940 228 44 184 413 752 138
20 10 5 1 10 1 9 1590 947 217 40 177 417 763 134
20 10 5 1 10 1 9 1590 947 217 40 177 500 763 134
20 10 5 1 10 1 9 1620 947 217 40 177 107 763 134
20 10 5 1 10 1 10 1621 0 0 0 0 107 0 0
20 10 5 1 10 1 10 1622 0 0 0 0 107 0 0
20 10 5 1 10 1 10 1623 0 20 20 0 107 0 0
20 10 5 1 10 1 10 1624 0 20 20 0 107 0 0
20 10 5 1 10 1 10 1625 0 20 20 0 107 0 0
20 10 5 1 10 1 10 1626 0 40 40 0 107 0 0
20 10 5 1 10 1 10 1627 0 40 40 0 107 0 0
20 10 5 1 10 1 10 1628 0 40 40 0 107 0 0
20 10 5 1 10 1 10 1629 0 60 60 0 107 0 0
20 10 5 1 10 1 10 1630 0 60 60 0 107 0 0
20 10 5 1 10 1 10 1631 0 60 60 0 107 0 0
20 10 5 1 10 1 10 1632 0 80 80 0 107 0 0
20 10 5 1 10 1 10 1633 0 80 80 0 107 0 0
20 10 5 1 10 1 10 1634 0 80 80 0 107 0 0
20 10 5 1 10 1 10 1635 0 100 100 0 107 0 0
20 10 5 1 10 1 10 1636 0 100 100 0 107 0 0
20 10 5 1 10 1 10 1637 0 100 100 0 107 0 0
20 10 5 1 10 1 10 1638 0 120 120 0 107 0 0
20 10 5 1 10 1 10 1639 0 120 120 0 107 0 0
20 10 5 1 10 1 10 1640 0 120 120 0 107 0 0
20 10 5 1 10 1 10 1641 0 140 140 0 107 0 0
20 10 5 1 10 1 10 1642 0 140 140 0 107 0 0
20 10 5 1 10 1 10 1643 0 140 140 0 107 0 0
20 10 5 1 10 1 10 1644 0 160 160 0 106 0 0
20 10 5 1 10 1 10 1645 3 160 160 0 106 0 0
20 10 5 1 10 1 10 1646 8 160 157 3 106 0 0
20 10 5 1 10 1 10 1647 10 180 172 8 106 0 0
20 10 5 1 10 1 10 1648 12 180 170 10 106 0 0
20 10 5 1 10 1 10 1649 15 180 168 12 106 0 0
20 10 5 1 10 1 10 1650 18 200 185 15 106 0 0
20 10 5 1 10 1 10 1651 21 200 182 18 106 0 0
20 10 5 1 10 1 10 1652 23 200 179 21 105 0 2
20 10 5 1 10 1 10 1653 26 220 197 23 104 0 6
20 10 5 1 10 1 10 1654 32 220 194 26 104 0 9
20 10 5 1 10 1 10 1655 33 220 188 32 104 0 12
20 10 5 1 10 1 10 1656 35 240 207 33 104 0 14
20 10 5 1 10 1 10 1657 38 240 205 35 104 0 16
20 10 5 1 10 1 10 1658 41 240 202 38 102 0 19
20 10 5 1 10 1 10 1659 44 260 219 41 102 0 21
20 10 5 1 10 1 10 1660 46 260 216 44 102 0 24
20 10 5 1 10 1 10 1661 54 260 214 46 102 0 29
20 10 5 1 10 1 10 1662 57 280 226 54 101 0 33
20 10 5 1 10 1 10 1663 62 280 223 57 101 0 35
20 10 5 1 10 1 10 1664 63 280 218 62 100 0 35
20 10 5 1 10 1 10 1665 65 300 237 63 100 0 39
20 10 5 1 10 1 10 1666 72 300 235 65 98 0 43
20 10 5 1 10 1 10 1667 73 300 228 72 98 0 45
20 10 5 1 10 1 10 1668 78 318 247 71 99 2 49
20 10 5 1 10 1 10 1669 84 314 242 72 101 6 51
20 10 5 1 10 1 10 1670 87 311 236 75 104 9 52
20 10 5 1 10 1 10 1671 92 330 253 77 105 10 53
20 10 5 1 10 1 10 1672 97 328 248 80 106 12 53
20 10 5 1 10 1 10 1673 102 326 243 83 107 14 54
20 10 5 1 10 1 10 1674 108 346 258 88 106 14 58
20 10 5 1 10 1 10 1675 110 345 252 93 106 15 59
20 10 5 1 10 1 10 1676 111 344 250 94 106 16 65
20 10 5 1 10 1 10 1677 121 359 269 90 110 21 65
20 10 5 1 10 1 10 1678 125 357 259 98 107 23 66
20 10 5 1 10 1 10 1679 129 352 255 97 109 28 67
20 10 5 1 10 1 10 1680 132 368 271 97 112 32 67
20 10 5 1 10 1 10 1681 140 363 268 95 116 37 68
20 10 5 1 10 1 10 1682 147 361 260 101 117 39 69
20 10 5 1 10 1 10 1683 157 378 273 105 118 42 69
20 10 5 1 10 1 10 1684 164 374 263 111 122 46 69
20 10 5 1 10 1 10 1685 168 367 256 111 127 53 71
20 10 5 1 10 1 10 1686 181 384 272 112 129 56 70
20 10 5 1 10 1 10 1687 187 381 259 122 131 59 73
20 10 5 1 10 1 10 1688 191 377 253 124 134 63 72
20 10 5 1 10 1 10 1689 197 393 269 124 137 67 78
20 10 5 1 10 1 10 1690 206 391 263 128 138 69 84
20 10 5 1 10 1 10 1691 212 390 254 136 138 70 90
20 10 5 1 10 1 10 1692 218 408 268 140 137 72 93
20 10 5 1 10 1 10 1693 229 402 262 140 142 78 93
20 10 5 1 10 1 10 1694 234 396 251 145 147 84 98
20 10 5 1 10 1 10 1695 244 412 266 146 150 88 102
20 10 5 1 10 1 10 1696 253 411 256 155 149 89 104
20 10 5 1 10 1 10 1697 263 404 247 157 154 96 106
20 10 5 1 10 1 10 1698 275 415 257 158 161 105 106
20 10 5 1 10 1 10 1699 283 411 245 166 163 109 105
20 10 5 1 10 1 10 1700 292 407 237 170 164 113 109
20 10 5 1 10 1 10 1701 304 423 248 175 166 117 115
20 10 5 1 10 1 10 1702 320 420 236 184 169 120 117
20 10 5 1 10 1 10 1703 326 417 220 197 172 123 124
20 10 5 1 10 1 10 1704 347 430 234 196 176 130 130
20 10 5 1 10 1 10 1705 357 424 213 211 181 136 131
20 10 5 1 10 1 10 1706 366 421 203 218 183 139 140
20 10 5 1 10 1 10 1707 371 430 214 216 188 150 140
20 10 5 1 10 1 10 1708 382 423 209 214 191 157 139
20 10 5 1 10 1 10 1709 395 413 198 215 199 167 145
20 10 5 1 10 1 10 1710 407 427 205 222 202 173 149
20 10 5 1 10 1 10 1711 421 419 193 226 205 181 156
20 10 5 1 10 1 10 1712 432 413 179 234 210 187 166
20 10 5 1 10 1 10 1713 445 426 188 238 213 194 171
20 10 5 1 10 1 10 1714 456 420 175 245 217 200 168
20 10 5 1 10 1 10 1715 467 415 164 251 221 205 172
20 10 5 1 10 1 10 1716 476 428 173 255 226 212 172
20 10 5 1 10 1 10 1717 493 416 164 252 233 224 178
20 10 5 1 10 1 10 1718 506 411 147 264 235 229 187
20 10 5 1 10 1 10 1719 516 423 154 269 239 237 190
20 10 5 1 10 1 10 1720 529 413 144 269 246 247 192
20 10 5 1 10 1 10 1721 539 404 131 273 249 256 195
20 10 5 1 10 1 10 1722 555 417 141 276 253 263 198
20 10 5 1 10 1 10 1723 568 405 125 280 262 275 197
20 10 5 1 10 1 10 1724 572 395 112 283 267 285 196
20 10 5 1 10 1 10 1725 583 408 128 280 271 292 209
20 10 5 1 10 1 10 1726 601 392 117 275 280 308 202
20 10 5 1 10 1 10 1727 607 379 99 280 289 321 201
20 10 5 1 10 1 10 1728 622 386 113 273 297 334 202
20 10 5 1 10 1 10 1729 633 374 98 276 304 346 203
20 10 5 1 10 1 10 1730 642 365 87 278 309 355 206
20 10 5 1 10 1 10 1731 650 374 98 276 311 366 204
20 10 5 1 10 1 10 1732 664 364 90 274 313 376 201
20 10 5 1 10 1 10 1733 667 357 76 281 315 383 208
20 10 5 1 10 1 10 1734 678 369 93 276 317 391 211
20 10 5 1 10 1 10 1735 691 360 82 278 322 400 210
20 10 5 1 10 1 10 1736 701 345 69 276 328 415 213
20 10 5 1 10 1 10 1737 708 349 79 270 338 431 207
20 10 5 1 10 1 10 1738 718 335 72 263 343 445 201
20 10 5 1 10 1 10 1739 722 328 62 266 344 452 205
20 10 5 1 10 1 10 1740 733 332 78 254 354 468 197
20 10 5 1 10 1 10 1741 742 317 67 250 361 483 191
20 10 5 1 10 1 10 1742 746 306 58 248 366 494 193
20 10 5 1 10 1 10 1743 759 318 74 244 368 502 194
20 10 5 1 10 1 10 1744 767 299 61 238 380 521 185
20 10 5 1 10 1 10 1745 771 291 53 238 383 529 184
20 10 5 1 10 1 10 1746 778 299 69 230 384 541 180
20 10 5 1 10 1 10 1747 791 284 62 222 389 556 171
20 10 5 1 10 1 10 1748 795 274 49 225 389 566 173
20 10 5 1 10 1 10 1749 800 285 65 220 386 575 169
20 10 5 1 10 1 10 1750 809 275 60 215 390 585 170
20 10 5 1 10 1 10 1751 815 264 51 213 394 596 168
20 10 5 1 10 1 10 1752 826 271 65 206 400 609 161
20 10 5 1 10 1 10 1753 836 261 54 207 398 619 155
20 10 5 1 10 1 10 1754 838 248 44 204 403 632 152
20 10 5 1 10 1 10 1755 845 259 62 197 404 641 152
20 10 5 1 10 1 10 1756 855 245 55 190 409 655 141
20 10 5 1 10 1 10 1757 860 234 45 189 414 666 136
20 10 5 1 10 1 10 1758 864 246 60 186 408 674 138
20 10 5 1 10 1 10 1759 877 238 56 182 408 682 138
20 10 5 1 10 1 10 1760 879 224 43 181 413 696 132
20 10 5 1 10 1 10 1761 890 238 61 177 409 702 135
20 10 5 1 10 1 10 1762 897 232 50 182 407 708 133
20 10 5 1 10 1 10 1763 899 224 43 181 407 716 134
20 10 5 1 10 1 10 1764 905 238 61 177 408 722 133
20 10 5 1 10 1 10 1765 919 226 55 171 407 734 129
20 10 5 1 10 1 10 1766 920 214 41 173 411 746 124
20 10 5 1 10 1 10 1767 928 228 60 168 404 752 126
20 10 5 1 10 1 10 1768 937 222 52 170 404 758 125
20 10 5 1 10 1 10 1769 938 215 43 172 403 765 131
20 10 5 1 10 1 10 1770 945 210 42 168 393 770 128
20 10 5 1 10 1 10 1770 945 210 42 168 476 770 128
20 10 5 1 10 1 10 1800 945 210 42 168 102 770 128
