30 5 1 10 1 10 arrival -3 6 2 7
30 5 1 10 1 11 arrival -10 6 1 9
30 5 1 10 1 13 arrival -16 15 6 6
30 5 1 10 1 15 arrival -9 13 2 12
30 5 1 10 1 16 arrival 11 8 1 14
30 5 1 10 1 17 arrival -2 6 8 8
30 5 1 10 1 18 arrival -9 7 10 7
30 5 1 10 1 20 arrival 12 14 6 13
30 5 1 10 1 21 arrival -15 -16 7 13
30 5 1 10 1 23 arrival 11 9 10 12
30 5 1 10 1 23 arrival -8 6 14 8
30 5 1 10 1 24 arrival 2 -14 10 13
30 5 1 10 1 24 arrival -1 7 3 20
30 5 1 10 1 26 arrival -7 8 8 17
30 5 1 10 1 27 arrival 11 15 7 19
30 5 1 10 1 27 arrival -6 9 8 18
30 5 1 10 1 29 arrival 16 -16 7 21
30 5 1 10 1 30 arrival -7 6 13 16
30 5 1 10 1 31 arrival -2 7 13 17
30 5 1 10 1 32 arrival 3 -16 12 19
30 5 1 10 1 32 arrival -4 6 19 12
30 5 1 10 1 33 arrival -6 7 18 14
30 5 1 10 1 33 arrival -7 -13 1 31
30 5 1 10 1 33 arrival 8 8 2 30
30 5 1 10 1 34 arrival 10 14 5 28
30 5 1 10 1 34 arrival -5 9 3 30
30 5 1 10 1 34 arrival -8 4 15 18
30 5 1 10 1 35 arrival -15 14 16 18
30 5 1 10 1 36 arrival 16 -15 27 8
30 5 1 10 1 37 arrival -8 13 24 12
30 5 1 10 1 37 arrival -8 5 23 13
30 5 1 10 1 39 arrival -4 9 4 34
30 5 1 10 1 39 arrival -12 8 24 14
30 5 1 10 1 39 arrival 4 -15 16 22
30 5 1 10 1 40 arrival -6 8 26 13
30 5 1 10 1 40 arrival -8 -12 15 24
30 5 1 10 1 40 arrival -2 4 14 25
30 5 1 10 1 40 arrival 8 9 5 34
30 5 1 10 1 40 arrival 13 10 30 9
30 5 1 10 1 41 arrival -9 4 23 17
30 5 1 10 1 41 arrival -8 9 23 17
30 5 1 10 1 41 arrival -4 10 5 35
30 5 1 10 1 41 arrival -2 3 18 22
30 5 1 10 1 42 arrival 9 12 4 37
30 5 1 10 1 42 arrival -14 14 15 26
30 5 1 10 1 43 arrival -14 -15 31 11
30 5 1 10 1 44 arrival -7 12 28 15
30 5 1 10 1 44 arrival -15 -14 7 36
30 5 1 10 1 44 arrival -9 5 33 10
30 5 1 10 1 46 arrival 12 7 35 10
30 5 1 10 1 46 arrival 0 8 18 27
30 5 1 10 1 46 arrival -3 10 2 43
30 5 1 10 1 47 arrival -3 4 33 13
30 5 1 10 1 47 arrival 6 -16 32 14
30 5 1 10 1 47 arrival 14 9 32 14
30 5 1 10 1 47 arrival -5 8 36 10
30 5 1 10 1 48 arrival -7 9 38 9
30 5 1 10 1 48 arrival 6 8 10 37
30 5 1 10 1 48 arrival -5 11 3 44
30 5 1 10 1 48 arrival -9 3 32 15
30 5 1 10 1 48 arrival -10 -11 6 41
30 5 1 10 1 49 arrival -12 11 27 21
30 5 1 10 1 49 arrival -13 13 3 45
30 5 1 10 1 49 arrival 0 3 1 47
30 5 1 10 1 49 arrival -5 10 17 31
30 5 1 10 1 49 arrival -1 -12 29 19
30 5 1 10 1 49 arrival 8 12 29 19
30 5 1 10 1 50 arrival -10 10 27 22
30 5 1 10 1 50 arrival 10 -16 8 41
30 5 1 10 1 50 arrival -7 11 25 24
30 5 1 10 1 50 arrival -14 -14 12 37
30 5 1 10 1 51 arrival -16 -13 18 32
30 5 1 10 1 51 arrival -6 13 15 35
30 5 1 10 1 52 arrival -7 3 36 15
30 5 1 10 1 53 arrival -1 9 33 19
30 5 1 10 1 53 arrival -3 8 33 19
30 5 1 10 1 53 arrival 13 6 38 14
30 5 1 10 1 53 arrival -2 11 38 14
30 5 1 10 1 54 arrival 7 -16 2 51
30 5 1 10 1 54 arrival -10 8 45 8
30 5 1 10 1 54 arrival -3 7 40 13
30 5 1 10 1 54 arrival -4 8 26 27
30 5 1 10 1 55 arrival -6 10 43 11
30 5 1 10 1 55 arrival 8 7 14 40
30 5 1 10 1 55 arrival -5 7 47 7
30 5 1 10 1 55 arrival -1 6 48 6
30 5 1 10 1 55 arrival 4 15 41 13
30 5 1 10 1 55 arrival 5 7 31 23
30 5 1 10 1 55 arrival -6 -13 26 28
30 5 1 10 1 55 arrival -11 -10 4 50
30 5 1 10 1 55 arrival -5 12 10 44
30 5 1 10 1 55 arrival -10 2 22 32
30 5 1 10 1 56 arrival -12 12 30 25
30 5 1 10 1 56 arrival -13 14 15 40
30 5 1 10 1 56 arrival 9 13 45 10
30 5 1 10 1 56 arrival 7 11 37 18
30 5 1 10 1 56 arrival -6 11 38 17
30 5 1 10 1 56 arrival 1 3 11 44
30 5 1 10 1 57 arrival 11 -15 30 26
30 5 1 10 1 57 arrival -9 11 38 18
30 5 1 10 1 57 arrival -6 3 37 19
30 5 1 10 1 57 arrival -16 14 19 37
30 5 1 10 1 57 arrival -3 -13 29 27
30 5 1 10 1 58 arrival -4 12 28 29
30 5 1 10 1 58 arrival -7 14 37 20
30 5 1 10 1 59 arrival 12 8 49 9
30 5 1 10 1 59 arrival -13 16 9 49
30 5 1 10 1 59 arrival 15 -11 11 47
30 5 1 10 1 59 arrival -6 4 52 6
30 5 1 10 1 59 arrival -8 14 31 27
30 5 1 10 1 59 arrival 14 -14 11 47
30 5 1 10 1 60 arrival -1 8 40 19
30 5 1 10 1 60 arrival -1 12 37 22
30 5 1 10 1 60 arrival -2 8 46 13
30 5 1 10 1 60 arrival -16 -15 53 6
30 5 1 10 1 60 arrival -11 12 47 12
30 5 1 10 1 60 arrival 12 5 21 38
30 5 1 10 1 61 arrival -12 9 54 6
30 5 1 10 1 61 arrival 3 -15 51 9
30 5 1 10 1 61 arrival 7 -15 5 55
30 5 1 10 1 62 arrival -10 1 16 45
30 5 1 10 1 62 arrival -7 -14 46 15
30 5 1 10 1 62 arrival -1 5 52 9
30 5 1 10 1 62 arrival -4 13 49 12
30 5 1 10 1 62 arrival -12 6 28 33
30 5 1 10 1 62 arrival 5 6 4 57
30 5 1 10 1 62 arrival -3 11 48 13
30 5 1 10 1 62 arrival 0 7 41 20
30 5 1 10 1 62 arrival 7 6 12 49
30 5 1 10 1 62 arrival -7 10 53 8
30 5 1 10 1 62 arrival 3 14 50 11
30 5 1 10 1 63 arrival 0 6 42 20
30 5 1 10 1 63 arrival -9 -14 19 43
30 5 1 10 1 63 arrival 2 4 4 58
30 5 1 10 1 63 arrival -1 4 53 9
30 5 1 10 1 63 arrival -12 15 9 53
30 5 1 10 1 63 arrival -11 13 49 13
30 5 1 10 1 63 arrival -11 -12 13 49
30 5 1 10 1 64 arrival -13 15 17 46
30 5 1 10 1 64 arrival 6 9 52 11
30 5 1 10 1 64 arrival -3 12 42 21
30 5 1 10 1 64 arrival 7 7 48 15
30 5 1 10 1 64 arrival -15 13 30 33
30 5 1 10 1 64 arrival 8 15 55 8
30 5 1 10 1 64 arrival -4 4 51 12
30 5 1 10 1 64 arrival 11 -14 50 13
30 5 1 10 1 64 arrival -7 13 53 10
30 5 1 10 1 64 arrival -9 9 57 6
30 5 1 10 1 64 arrival -11 6 54 9
30 5 1 10 1 64 arrival -8 12 54 9
30 5 1 10 1 65 arrival -8 15 39 25
30 5 1 10 1 65 arrival 1 5 46 18
30 5 1 10 1 65 arrival -5 13 55 9
30 5 1 10 1 65 arrival -15 -15 58 6
30 5 1 10 1 65 arrival -4 -11 35 29
30 5 1 10 1 66 arrival 16 -10 9 56
30 5 1 10 1 66 arrival -7 1 55 10
30 5 1 10 1 66 arrival -9 14 35 30
30 5 1 10 1 66 arrival -14 16 33 32
30 5 1 10 1 66 arrival 13 -13 26 39
30 5 1 10 1 67 arrival 10 7 43 23
30 5 1 10 1 67 arrival -10 13 52 14
30 5 1 10 1 67 arrival 16 -14 52 14
30 5 1 10 1 67 arrival -2 13 22 44
30 5 1 10 1 67 arrival 11 4 8 58
30 5 1 10 1 68 arrival 11 7 61 6
30 5 1 10 1 68 arrival 7 -14 6 61
30 5 1 10 1 68 arrival -7 7 60 7
30 5 1 10 1 68 arrival 15 -13 28 39
30 5 1 10 1 68 arrival 1 7 54 13
30 5 1 10 1 68 arrival -6 15 41 26
30 5 1 10 1 68 arrival -4 2 60 7
30 5 1 10 1 68 arrival -11 10 61 6
30 5 1 10 1 68 arrival 3 -14 59 8
30 5 1 10 1 69 arrival -4 14 37 31
30 5 1 10 1 69 arrival -8 10 62 6
30 5 1 10 1 69 arrival 5 5 27 41
30 5 1 10 1 69 arrival -9 0 20 48
30 5 1 10 1 69 arrival 4 13 51 17
30 5 1 10 1 69 arrival 7 5 11 57
30 5 1 10 1 69 arrival -12 3 8 60
30 5 1 10 1 69 arrival 0 4 55 13
30 5 1 10 1 69 arrival -7 -15 38 30
30 5 1 10 1 69 arrival 2 8 23 45
30 5 1 10 1 69 arrival 6 16 47 21
30 5 1 10 1 70 arrival -11 5 63 6
30 5 1 10 1 70 arrival -11 -13 6 63
30 5 1 10 1 70 arrival -9 -10 33 36
30 5 1 10 1 70 arrival 3 5 16 53
30 5 1 10 1 70 arrival 0 5 57 12
30 5 1 10 1 70 arrival -1 13 42 27
30 5 1 10 1 70 arrival -11 14 39 30
30 5 1 10 1 70 arrival -10 -13 41 28
30 5 1 10 1 70 arrival 2 9 49 20
30 5 1 10 1 71 arrival 1 2 21 49
30 5 1 10 1 71 arrival -9 10 61 9
30 5 1 10 1 71 arrival 8 16 44 26
30 5 1 10 1 71 arrival -3 5 64 6
30 5 1 10 1 71 arrival -11 7 64 6
30 5 1 10 1 71 arrival -13 12 59 11
30 5 1 10 1 71 arrival 8 6 17 53
30 5 1 10 1 71 arrival 11 -13 13 57
30 5 1 10 1 71 arrival -1 -11 59 11
30 5 1 10 1 71 arrival 0 11 59 11
30 5 1 10 1 71 arrival -10 14 56 14
30 5 1 10 1 71 arrival -9 1 34 36
30 5 1 10 1 72 arrival 1 10 54 17
30 5 1 10 1 72 arrival -16 -14 62 9
30 5 1 10 1 72 arrival -15 15 52 19
30 5 1 10 1 72 arrival -9 16 54 17
30 5 1 10 1 72 arrival -1 14 29 42
30 5 1 10 1 72 arrival -15 11 25 46
30 5 1 10 1 72 arrival -14 11 56 15
30 5 1 10 1 72 arrival -6 12 65 6
30 5 1 10 1 72 arrival 10 16 44 27
30 5 1 10 1 72 arrival 9 5 54 17
30 5 1 10 1 73 arrival 10 9 65 7
30 5 1 10 1 73 arrival 4 11 35 37
30 5 1 10 1 73 arrival -8 0 2 70
30 5 1 10 1 73 arrival 12 -13 46 26
30 5 1 10 1 73 arrival 6 14 30 42
30 5 1 10 1 73 arrival -3 9 66 6
30 5 1 10 1 73 arrival 3 6 5 67
30 5 1 10 1 73 arrival -16 -11 59 13
30 5 1 10 1 74 arrival -8 2 66 7
30 5 1 10 1 74 arrival -10 16 32 41
30 5 1 10 1 74 arrival 11 3 9 64
30 5 1 10 1 74 arrival -12 14 65 8
30 5 1 10 1 74 arrival 4 5 30 43
30 5 1 10 1 74 arrival -12 -12 55 18
30 5 1 10 1 74 arrival -5 15 10 63
30 5 1 10 1 74 arrival 9 6 61 12
30 5 1 10 1 75 arrival -4 15 8 66
30 5 1 10 1 75 arrival 2 5 68 6
30 5 1 10 1 75 arrival 4 -13 44 30
30 5 1 10 1 75 arrival 14 6 47 27
30 5 1 10 1 75 arrival -4 1 50 24
30 5 1 10 1 75 arrival 8 -14 11 63
30 5 1 10 1 75 arrival 1 8 63 11
30 5 1 10 1 75 arrival 14 -13 50 24
30 5 1 10 1 76 arrival 6 4 35 40
30 5 1 10 1 76 arrival 0 13 58 17
30 5 1 10 1 76 arrival -9 6 68 7
30 5 1 10 1 76 arrival 15 -12 68 7
30 5 1 10 1 76 arrival -8 -16 48 27
30 5 1 10 1 76 arrival -11 15 69 6
30 5 1 10 1 76 arrival -2 -12 68 7
30 5 1 10 1 76 arrival -13 2 15 60
30 5 1 10 1 76 arrival 3 12 62 13
30 5 1 10 1 76 arrival 3 8 42 33
30 5 1 10 1 76 arrival 8 -15 21 54
30 5 1 10 1 76 arrival -3 2 67 8
30 5 1 10 1 76 arrival -10 -1 16 59
30 5 1 10 1 77 arrival -9 -9 26 50
30 5 1 10 1 77 arrival -10 -12 63 13
30 5 1 10 1 77 arrival -5 -16 34 42
30 5 1 10 1 77 arrival -12 -9 57 19
30 5 1 10 1 77 arrival -11 2 65 11
30 5 1 10 1 77 arrival -1 15 65 11
30 5 1 10 1 77 arrival 3 4 53 23
30 5 1 10 1 77 arrival 5 3 28 48
30 5 1 10 1 77 arrival 8 -16 25 51
30 5 1 10 1 77 arrival -9 -13 57 19
30 5 1 10 1 77 arrival 2 10 21 55
30 5 1 10 1 77 arrival 8 5 59 17
30 5 1 10 1 77 arrival 0 12 64 12
30 5 1 10 1 78 arrival 1 1 9 68
30 5 1 10 1 78 arrival 10 -13 22 55
30 5 1 10 1 78 arrival -10 0 54 23
30 5 1 10 1 78 arrival 10 13 68 9
30 5 1 10 1 78 arrival 7 10 66 11
30 5 1 10 1 78 arrival -6 -15 56 21
30 5 1 10 1 78 arrival 3 7 67 10
30 5 1 10 1 78 arrival 2 7 66 11
30 5 1 10 1 78 arrival 0 -11 59 18
30 5 1 10 1 79 arrival -14 -9 7 71
30 5 1 10 1 79 arrival -2 -13 60 18
30 5 1 10 1 79 arrival 2 3 72 6
30 5 1 10 1 79 arrival -10 -16 50 28
30 5 1 10 1 79 arrival 8 4 50 28
30 5 1 10 1 79 arrival 10 15 64 14
30 5 1 10 1 79 arrival -4 11 72 6
30 5 1 10 1 79 arrival 2 11 14 64
30 5 1 10 1 79 arrival 2 6 71 7
30 5 1 10 1 79 arrival 11 -16 51 27
30 5 1 10 1 79 arrival -2 9 72 6
30 5 1 10 1 79 arrival 16 13 33 45
30 5 1 10 1 79 arrival 2 0 41 37
30 5 1 10 1 80 arrival 10 -15 64 15
30 5 1 10 1 80 arrival 7 3 45 34
30 5 1 10 1 80 arrival -16 -16 67 12
30 5 1 10 1 80 arrival 12 -12 58 21
30 5 1 10 1 80 arrival -9 -15 62 17
30 5 1 10 1 80 arrival -8 -1 20 59
30 5 1 10 1 80 arrival 3 11 29 50
30 5 1 10 1 80 arrival -16 13 68 11
30 5 1 10 1 80 arrival -5 1 62 17
30 5 1 10 1 80 arrival 2 12 22 57
30 5 1 10 1 81 arrival -16 -9 71 9
30 5 1 10 1 81 arrival 16 14 69 11
30 5 1 10 1 81 arrival 13 13 73 7
30 5 1 10 1 81 arrival 12 4 12 68
30 5 1 10 1 81 arrival 14 -11 40 40
30 5 1 10 1 81 arrival -9 2 70 10
30 5 1 10 1 81 arrival -9 -16 71 9
30 5 1 10 1 81 arrival 1 6 74 6
30 5 1 10 1 81 arrival 6 -14 44 36
30 5 1 10 1 81 arrival 1 14 73 7
30 5 1 10 1 81 arrival 4 4 67 13
30 5 1 10 1 81 arrival 7 2 26 54
30 5 1 10 1 81 arrival -6 16 70 10
30 5 1 10 1 82 arrival 15 5 64 17
30 5 1 10 1 82 arrival 13 4 56 25
30 5 1 10 1 82 arrival -7 -16 56 25
30 5 1 10 1 82 arrival 7 4 60 21
30 5 1 10 1 82 arrival 3 10 70 11
30 5 1 10 1 82 arrival 12 -14 65 16
30 5 1 10 1 82 arrival 0 10 72 9
30 5 1 10 1 82 arrival -5 0 46 35
30 5 1 10 1 82 arrival 3 3 36 45
30 5 1 10 1 82 arrival 5 -12 12 69
30 5 1 10 1 82 arrival 9 -13 15 66
30 5 1 10 1 83 arrival 4 3 72 10
30 5 1 10 1 83 arrival -12 2 24 58
30 5 1 10 1 83 arrival -9 -2 22 60
30 5 1 10 1 83 arrival -2 1 17 65
30 5 1 10 1 83 arrival 8 11 75 7
30 5 1 10 1 83 arrival 13 -11 38 44
30 5 1 10 1 83 arrival 6 3 73 9
30 5 1 10 1 83 arrival -2 -11 76 6
30 5 1 10 1 84 arrival -11 0 63 20
30 5 1 10 1 84 arrival 1 -13 49 34
30 5 1 10 1 84 arrival 6 7 71 12
30 5 1 10 1 84 arrival 14 -10 61 22
30 5 1 10 1 84 arrival 8 -13 59 24
30 5 1 10 1 84 arrival -12 -8 45 38
30 5 1 10 1 84 arrival -5 -15 75 8
30 5 1 10 1 84 arrival -9 8 76 7
30 5 1 10 1 84 arrival -12 7 77 6
30 5 1 10 1 84 arrival 6 2 37 46
30 5 1 10 1 84 arrival -12 1 25 58
30 5 1 10 1 84 arrival -10 -15 69 14
30 5 1 10 1 84 arrival -8 -8 48 35
30 5 1 10 1 85 arrival 6 11 75 9
30 5 1 10 1 85 arrival 1 0 44 40
30 5 1 10 1 85 arrival 9 3 46 38
30 5 1 10 1 85 arrival -11 1 76 8
30 5 1 10 1 85 arrival -5 -14 76 8
30 5 1 10 1 85 arrival 9 15 75 9
30 5 1 10 1 85 arrival 5 2 47 37
30 5 1 10 1 85 arrival 0 -10 62 22
30 5 1 10 1 85 arrival 7 -12 4 80
30 5 1 10 1 85 arrival 9 -12 24 60
30 5 1 10 1 85 arrival -8 -10 73 11
30 5 1 10 1 86 arrival 2 -1 5 80
30 5 1 10 1 86 arrival 0 2 72 13
30 5 1 10 1 86 arrival 4 2 63 22
30 5 1 10 1 86 arrival -14 -8 4 81
30 5 1 10 1 86 arrival 6 5 77 8
30 5 1 10 1 86 arrival 8 3 60 25
30 5 1 10 1 86 arrival 13 7 79 6
30 5 1 10 1 86 arrival 14 -12 77 8
30 5 1 10 1 86 arrival -12 -10 76 9
30 5 1 10 1 87 arrival 4 1 20 66
30 5 1 10 1 87 arrival 10 -12 36 50
30 5 1 10 1 87 arrival -7 -2 37 49
30 5 1 10 1 87 arrival -1 11 80 6
30 5 1 10 1 87 arrival 11 -12 60 26
30 5 1 10 1 87 arrival -4 5 80 6
30 5 1 10 1 87 arrival -6 5 80 6
30 5 1 10 1 87 arrival -1 1 56 30
30 5 1 10 1 87 arrival -3 1 55 31
30 5 1 10 1 87 arrival -4 0 53 33
30 5 1 10 1 87 arrival 8 2 47 39
30 5 1 10 1 88 arrival -15 12 81 6
30 5 1 10 1 88 arrival 6 -13 63 24
30 5 1 10 1 88 arrival 15 -9 79 8
30 5 1 10 1 88 arrival -8 1 74 13
30 5 1 10 1 88 arrival -11 16 81 6
30 5 1 10 1 88 arrival 7 1 13 74
30 5 1 10 1 88 arrival -16 -8 31 56
30 5 1 10 1 88 arrival -5 16 81 6
30 5 1 10 1 88 arrival 13 3 40 47
30 5 1 10 1 88 arrival 10 11 80 7
30 5 1 10 1 88 arrival -2 0 25 62
30 5 1 10 1 89 arrival 10 6 81 7
30 5 1 10 1 89 arrival -4 -1 45 43
30 5 1 10 1 89 arrival 14 4 32 56
30 5 1 10 1 89 arrival 8 -12 16 72
30 5 1 10 1 89 arrival 4 -11 19 69
30 5 1 10 1 89 arrival 9 16 82 6
30 5 1 10 1 89 arrival 12 3 48 40
30 5 1 10 1 89 arrival -13 3 44 44
30 5 1 10 1 89 arrival 12 -11 78 10
30 5 1 10 1 89 arrival -4 3 81 7
30 5 1 10 1 89 arrival -10 12 82 6
30 5 1 10 1 89 arrival 12 -9 7 81
30 5 1 10 1 90 arrival 5 1 9 80
30 5 1 10 1 90 arrival -12 -11 82 7
30 5 1 10 1 90 arrival 9 2 28 61
30 5 1 10 1 90 arrival -7 -1 74 15
30 5 1 10 1 90 arrival 7 -13 67 22
30 5 1 10 1 90 arrival 3 -13 51 38
30 5 1 10 1 90 arrival 12 -10 22 67
30 5 1 10 1 90 arrival 14 3 35 54
30 5 1 10 1 90 arrival -1 0 78 11
30 5 1 10 1 90 arrival -13 1 40 49
30 5 1 10 1 90 arrival -10 -3 1 88
30 5 1 10 1 91 arrival -12 -1 53 37
30 5 1 10 1 91 arrival 10 5 84 6
30 5 1 10 1 91 arrival -14 13 84 6
30 5 1 10 1 91 arrival 3 1 47 43
30 5 1 10 1 91 arrival 14 -9 14 76
30 5 1 10 1 91 arrival -9 -7 14 76
30 5 1 10 1 91 arrival -11 -7 41 49
30 5 1 10 1 91 arrival -2 5 83 7
30 5 1 10 1 91 arrival 4 0 24 66
30 5 1 10 1 91 arrival 10 -11 29 61
30 5 1 10 1 91 arrival 6 15 83 7
30 5 1 10 1 91 arrival 7 9 83 7
30 5 1 10 1 91 arrival -6 0 80 10
30 5 1 10 1 91 arrival 2 -12 63 27
30 5 1 10 1 91 arrival -13 0 26 64
30 5 1 10 1 91 arrival -5 6 84 6
30 5 1 10 1 91 arrival 10 10 82 8
30 5 1 10 1 92 arrival 11 5 84 7
30 5 1 10 1 92 arrival -14 1 40 51
30 5 1 10 1 92 arrival 5 0 40 51
30 5 1 10 1 92 arrival 1 -1 46 45
30 5 1 10 1 92 arrival 0 -9 79 12
30 5 1 10 1 92 arrival -12 0 67 24
30 5 1 10 1 92 arrival -14 2 78 13
30 5 1 10 1 92 arrival 9 -11 65 26
30 5 1 10 1 92 arrival 6 -12 24 67
30 5 1 10 1 92 arrival -8 -9 71 20
30 5 1 10 1 93 arrival -11 -14 86 6
30 5 1 10 1 93 arrival 3 2 84 8
30 5 1 10 1 93 arrival 5 15 86 6
30 5 1 10 1 93 arrival 5 9 85 7
30 5 1 10 1 93 arrival 0 -8 8 84
30 5 1 10 1 93 arrival -10 3 78 14
30 5 1 10 1 93 arrival 16 12 86 6
30 5 1 10 1 93 arrival -11 -11 85 7
30 5 1 10 1 93 arrival 3 -1 32 60
30 5 1 10 1 93 arrival 5 -1 5 87
30 5 1 10 1 93 arrival 3 15 85 7
30 5 1 10 1 93 arrival 6 6 86 6
30 5 1 10 1 93 arrival -13 -8 45 47
30 5 1 10 1 93 arrival 2 1 78 14
30 5 1 10 1 93 arrival 16 -12 86 6
30 5 1 10 1 93 arrival 11 2 16 76
30 5 1 10 1 93 arrival 7 -11 79 13
30 5 1 10 1 93 arrival -7 -9 73 19
30 5 1 10 1 93 arrival -10 11 86 6
30 5 1 10 1 94 arrival 7 0 46 47
30 5 1 10 1 94 arrival 8 1 69 24
30 5 1 10 1 94 arrival -1 -13 83 10
30 5 1 10 1 94 arrival 3 13 87 6
30 5 1 10 1 94 arrival 3 0 78 15
30 5 1 10 1 94 arrival 11 6 85 8
30 5 1 10 1 94 arrival -7 4 87 6
30 5 1 10 1 94 arrival -11 3 85 8
30 5 1 10 1 94 arrival 4 -2 12 81
30 5 1 10 1 94 arrival -8 3 86 7
30 5 1 10 1 94 arrival -3 -1 2 91
30 5 1 10 1 94 arrival -6 -2 27 66
30 5 1 10 1 95 arrival -1 -1 34 60
30 5 1 10 1 95 arrival 15 -14 88 6
30 5 1 10 1 95 arrival 9 -10 21 73
30 5 1 10 1 95 arrival -16 -7 51 43
30 5 1 10 1 95 arrival 14 -8 13 81
30 5 1 10 1 95 arrival 13 2 35 59
30 5 1 10 1 95 arrival -1 3 87 7
30 5 1 10 1 95 arrival 5 -3 1 93
30 5 1 10 1 95 arrival 13 -12 88 6
30 5 1 10 1 95 arrival 9 0 2 92
30 5 1 10 1 95 arrival -10 -9 80 14
30 5 1 10 1 96 arrival -10 5 88 7
30 5 1 10 1 96 arrival -6 2 82 13
30 5 1 10 1 96 arrival 11 -9 20 75
30 5 1 10 1 96 arrival 13 -14 89 6
30 5 1 10 1 96 arrival 4 -1 82 13
30 5 1 10 1 96 arrival -11 -8 72 23
30 5 1 10 1 96 arrival -2 10 89 6
30 5 1 10 1 96 arrival 8 -10 22 73
30 5 1 10 1 96 arrival 8 -1 58 37
30 5 1 10 1 96 arrival -1 2 89 6
30 5 1 10 1 96 arrival 6 -2 19 76
30 5 1 10 1 96 arrival -4 -2 9 86
30 5 1 10 1 96 arrival 4 -10 43 52
30 5 1 10 1 96 arrival 15 3 58 37
30 5 1 10 1 96 arrival -1 -2 20 75
30 5 1 10 1 97 arrival 3 -12 87 9
30 5 1 10 1 97 arrival -2 12 90 6
30 5 1 10 1 97 arrival 14 2 66 30
30 5 1 10 1 97 arrival 12 6 89 7
30 5 1 10 1 97 arrival -11 -3 31 65
30 5 1 10 1 97 arrival -2 -1 57 39
30 5 1 10 1 97 arrival -13 10 90 6
30 5 1 10 1 97 arrival 13 1 20 76
30 5 1 10 1 97 arrival 10 -10 61 35
30 5 1 10 1 97 arrival -14 0 69 27
30 5 1 10 1 97 arrival 9 1 74 22
30 5 1 10 1 97 arrival 13 -9 34 62
30 5 1 10 1 97 arrival -15 1 18 78
30 5 1 10 1 97 arrival -2 -2 56 40
30 5 1 10 1 97 arrival 6 -10 21 75
30 5 1 10 1 97 arrival -12 16 90 6
30 5 1 10 1 97 arrival 14 5 88 8
30 5 1 10 1 97 arrival 8 13 89 7
30 5 1 10 1 98 arrival -11 -9 86 11
30 5 1 10 1 98 arrival -10 -7 11 86
30 5 1 10 1 98 arrival 8 14 90 7
30 5 1 10 1 98 arrival -14 3 90 7
30 5 1 10 1 98 arrival -6 -3 43 54
30 5 1 10 1 98 arrival 3 -11 85 12
30 5 1 10 1 98 arrival 14 0 12 85
30 5 1 10 1 98 arrival 13 -8 32 65
30 5 1 10 1 98 arrival -14 -1 76 21
30 5 1 10 1 98 arrival 6 -1 70 27
30 5 1 10 1 98 arrival 0 0 88 9
30 5 1 10 1 98 arrival 5 -13 91 6
30 5 1 10 1 98 arrival 2 2 91 6
30 5 1 10 1 98 arrival -11 -1 87 10
30 5 1 10 1 98 arrival -7 15 91 6
30 5 1 10 1 98 arrival 4 6 91 6
30 5 1 10 1 99 arrival 0 -12 88 10
30 5 1 10 1 99 arrival -15 3 87 11
30 5 1 10 1 99 arrival -5 3 92 6
30 5 1 10 1 99 arrival 6 1 91 7
30 5 1 10 1 99 arrival -8 11 92 6
30 5 1 10 1 99 arrival -15 0 20 78
30 5 1 10 1 99 arrival -10 -8 73 25
30 5 1 10 1 99 arrival 8 -9 39 59
30 5 1 10 1 99 arrival 0 -2 60 38
30 5 1 10 1 99 arrival -13 -1 91 7
30 5 1 10 1 99 arrival 15 4 78 20
30 5 1 10 1 99 arrival 1 -8 19 79
30 5 1 10 1 99 arrival -9 -6 24 74
30 5 1 10 1 99 arrival -5 -2 85 13
30 5 1 10 1 99 arrival 2 -2 32 66
30 5 1 10 1 100 arrival 12 1 23 76
30 5 1 10 1 100 arrival 7 -10 21 78
30 5 1 10 1 100 arrival -10 15 93 6
30 5 1 10 1 100 arrival -6 6 93 6
30 5 1 10 1 100 arrival 0 9 93 6
30 5 1 10 1 100 arrival 4 -12 93 6
30 5 1 10 1 100 arrival -10 4 92 7
30 5 1 10 1 100 arrival -13 -7 48 51
30 5 1 10 1 100 arrival 3 -2 68 31
30 5 1 10 1 100 arrival 5 -10 57 42
30 5 1 10 1 100 arrival 1 -3 18 81
30 5 1 10 1 100 arrival 9 14 93 6
30 5 1 10 1 100 arrival -6 -8 30 69
30 5 1 10 1 100 arrival 1 -2 74 25
30 5 1 10 1 100 arrival 5 -2 70 29
30 5 1 10 1 100 arrival -12 -3 15 84
30 5 1 10 1 100 arrival -8 -11 92 7
30 5 1 10 1 100 arrival -1 -7 24 75
30 5 1 10 1 101 arrival -11 11 94 6
30 5 1 10 1 101 arrival 7 -1 3 97
30 5 1 10 1 101 arrival 6 -9 1 99
30 5 1 10 1 101 arrival -15 -8 69 31
30 5 1 10 1 101 arrival -5 -7 36 64
30 5 1 10 1 101 arrival -10 7 94 6
30 5 1 10 1 101 arrival 13 -10 93 7
30 5 1 10 1 101 arrival 12 2 91 9
30 5 1 10 1 101 arrival 8 10 94 6
30 5 1 10 1 101 arrival -7 -3 88 12
30 5 1 10 1 101 arrival -13 -6 52 48
30 5 1 10 1 101 arrival 3 -3 67 33
30 5 1 10 1 102 arrival 9 9 95 6
30 5 1 10 1 102 arrival 4 -4 27 74
30 5 1 10 1 102 arrival 10 4 94 7
30 5 1 10 1 102 arrival 10 2 94 7
30 5 1 10 1 102 arrival 7 -9 23 78
30 5 1 10 1 102 arrival 16 -6 30 71
30 5 1 10 1 102 arrival 14 -7 14 87
30 5 1 10 1 102 arrival 4 -14 95 6
30 5 1 10 1 102 arrival -7 0 93 8
30 5 1 10 1 102 arrival 16 -8 51 50
30 5 1 10 1 102 arrival 14 1 49 52
30 5 1 10 1 102 arrival 4 8 95 6
30 5 1 10 1 102 arrival 2 -9 83 18
30 5 1 10 1 102 arrival 10 -9 42 59
30 5 1 10 1 102 arrival 0 14 95 6
30 5 1 10 1 102 arrival -2 -3 70 31
30 5 1 10 1 102 arrival -9 -11 95 6
30 5 1 10 1 102 arrival 10 -1 3 98
30 5 1 10 1 102 arrival 11 1 25 76
30 5 1 10 1 103 arrival 8 -2 18 84
30 5 1 10 1 103 arrival 7 -2 71 31
30 5 1 10 1 103 arrival 16 3 53 49
30 5 1 10 1 103 arrival 6 -3 61 41
30 5 1 10 1 103 arrival 4 -9 66 36
30 5 1 10 1 103 arrival -4 -3 77 25
30 5 1 10 1 103 arrival -8 -7 94 8
30 5 1 10 1 103 arrival -12 13 96 6
30 5 1 10 1 103 arrival 9 -9 60 42
30 5 1 10 1 103 arrival -12 -7 95 7
30 5 1 10 1 103 arrival 12 -8 34 68
30 5 1 10 1 103 arrival 10 0 19 83
30 5 1 10 1 103 arrival -1 -3 84 18
30 5 1 10 1 104 arrival 2 -3 34 69
30 5 1 10 1 104 arrival 0 -4 77 26
30 5 1 10 1 104 arrival -3 -3 91 12
30 5 1 10 1 104 arrival -4 -4 38 65
30 5 1 10 1 104 arrival 12 0 65 38
30 5 1 10 1 104 arrival -16 2 29 74
30 5 1 10 1 104 arrival 15 1 9 94
30 5 1 10 1 104 arrival -12 -4 7 96
30 5 1 10 1 104 arrival -15 -1 67 36
30 5 1 10 1 104 arrival -9 -8 96 7
30 5 1 10 1 104 arrival 16 -7 73 30
30 5 1 10 1 104 arrival 10 1 92 11
30 5 1 10 1 105 arrival 12 -7 83 21
30 5 1 10 1 105 arrival 15 -8 92 12
30 5 1 10 1 105 arrival 11 0 58 46
30 5 1 10 1 105 arrival 8 -8 27 77
30 5 1 10 1 105 arrival -7 -4 36 68
30 5 1 10 1 105 arrival 15 0 6 98
30 5 1 10 1 105 arrival 2 -4 3 101
30 5 1 10 1 105 arrival -10 -6 64 40
30 5 1 10 1 105 arrival 15 2 72 32
30 5 1 10 1 105 arrival -15 -2 6 98
30 5 1 10 1 105 arrival -16 4 34 70
30 5 1 10 1 105 arrival 11 -8 39 65
30 5 1 10 1 106 arrival -7 -7 43 62
30 5 1 10 1 106 arrival 8 -7 4 101
30 5 1 10 1 106 arrival -10 -5 3 102
30 5 1 10 1 106 arrival 3 -9 84 21
30 5 1 10 1 106 arrival 2 -7 1 104
30 5 1 10 1 106 arrival -16 0 66 39
30 5 1 10 1 106 arrival 7 -3 70 35
30 5 1 10 1 106 arrival 7 -8 49 56
30 5 1 10 1 106 arrival 10 -8 42 63
30 5 1 10 1 106 arrival -14 -2 81 24
30 5 1 10 1 106 arrival -5 -3 90 15
30 5 1 10 1 107 arrival -14 -7 81 25
30 5 1 10 1 107 arrival -13 -4 34 72
30 5 1 10 1 107 arrival -2 -4 83 23
30 5 1 10 1 107 arrival -13 -3 51 55
30 5 1 10 1 107 arrival 4 -3 87 19
30 5 1 10 1 107 arrival 9 -1 23 83
30 5 1 10 1 107 arrival -14 -6 75 31
30 5 1 10 1 107 arrival -6 -7 68 38
30 5 1 10 1 107 arrival 16 1 31 75
30 5 1 10 1 107 arrival -8 -6 39 67
30 5 1 10 1 107 arrival -5 -4 47 59
30 5 1 10 1 107 arrival 3 -4 73 33
30 5 1 10 1 107 arrival -6 -6 31 75
30 5 1 10 1 107 arrival 6 -8 55 51
30 5 1 10 1 107 arrival -1 -6 39 67
30 5 1 10 1 107 arrival 13 0 66 40
30 5 1 10 1 107 arrival 8 -4 13 93
30 5 1 10 1 108 arrival -12 -5 10 97
30 5 1 10 1 108 arrival 5 -4 27 80
30 5 1 10 1 108 arrival 5 -8 50 57
30 5 1 10 1 108 arrival -15 -5 17 90
30 5 1 10 1 108 arrival -6 -4 56 51
30 5 1 10 1 108 arrival 0 -5 11 96
30 5 1 10 1 108 arrival 7 -4 58 49
30 5 1 10 1 108 arrival -4 -6 20 87
30 5 1 10 1 109 arrival 5 -7 28 80
30 5 1 10 1 109 arrival -1 -4 87 21
30 5 1 10 1 109 arrival 10 -7 25 83
30 5 1 10 1 109 arrival 2 -8 11 97
30 5 1 10 1 109 arrival -15 -6 85 23
30 5 1 10 1 109 arrival -16 -6 37 71
30 5 1 10 1 109 arrival 10 -2 29 79
30 5 1 10 1 109 arrival 14 -6 43 65
30 5 1 10 1 109 arrival 4 -5 10 98
30 5 1 10 1 109 arrival 9 -3 42 66
30 5 1 10 1 110 arrival 16 0 7 102
30 5 1 10 1 110 arrival 11 -7 76 33
30 5 1 10 1 110 arrival 1 -7 64 45
30 5 1 10 1 110 arrival -3 -4 93 16
30 5 1 10 1 110 arrival -11 -6 80 29
30 5 1 10 1 110 arrival 8 -3 77 32
30 5 1 10 1 110 arrival 4 -8 79 30
30 5 1 10 1 110 arrival -8 -5 19 90
30 5 1 10 1 110 arrival 6 -7 31 78
30 5 1 10 1 110 arrival -7 -6 36 73
30 5 1 10 1 110 arrival 16 -5 69 40
30 5 1 10 1 110 arrival 11 -1 74 35
30 5 1 10 1 110 arrival 5 -6 45 64
30 5 1 10 1 110 arrival -16 1 82 27
30 5 1 10 1 110 arrival 9 -7 55 54
30 5 1 10 1 111 arrival 7 -7 44 66
30 5 1 10 1 111 arrival 11 -2 77 33
30 5 1 10 1 111 arrival 13 -7 90 20
30 5 1 10 1 111 arrival -3 -5 77 33
30 5 1 10 1 111 arrival 16 -1 71 39
30 5 1 10 1 111 arrival 7 -6 26 84
30 5 1 10 1 111 arrival 15 -5 62 48
30 5 1 10 1 111 arrival -13 -5 22 88
30 5 1 10 1 111 arrival -16 -2 33 77
30 5 1 10 1 111 arrival 9 -4 89 21
30 5 1 10 1 111 arrival 6 -5 13 97
30 5 1 10 1 111 arrival -1 -5 17 93
30 5 1 10 1 111 arrival 12 -1 78 32
30 5 1 10 1 112 arrival -5 -9 88 23
30 5 1 10 1 112 arrival -5 -6 35 76
30 5 1 10 1 112 arrival -10 -4 39 72
30 5 1 10 1 112 arrival 7 -5 41 70
30 5 1 10 1 112 arrival 12 -3 14 97
30 5 1 10 1 112 arrival 0 -6 45 66
30 5 1 10 1 112 arrival -2 -5 57 54
30 5 1 10 1 112 arrival -16 -3 40 71
30 5 1 10 1 112 arrival 1 -5 70 41
30 5 1 10 1 112 arrival 13 -6 79 32
30 5 1 10 1 112 arrival 3 -5 62 49
30 5 1 10 1 112 arrival -11 -5 84 27
30 5 1 10 1 112 arrival 14 -1 18 93
30 5 1 10 1 113 arrival -2 -6 76 36
30 5 1 10 1 113 arrival 13 -3 17 95
30 5 1 10 1 113 arrival 8 -6 17 95
30 5 1 10 1 113 arrival -12 -6 95 17
30 5 1 10 1 113 arrival 13 -1 79 33
30 5 1 10 1 113 arrival 10 -6 21 91
30 5 1 10 1 113 arrival -15 -3 52 60
30 5 1 10 1 113 arrival -16 -1 92 20
30 5 1 10 1 113 arrival 1 -6 63 49
30 5 1 10 1 113 arrival 13 -2 44 68
30 5 1 10 1 113 arrival 2 -6 79 33
30 5 1 10 1 114 arrival 11 -6 81 32
30 5 1 10 1 114 arrival 9 -6 71 42
30 5 1 10 1 114 arrival -14 -4 12 101
30 5 1 10 1 114 arrival 14 -3 41 72
30 5 1 10 1 114 arrival 13 -5 57 56
30 5 1 10 1 114 arrival -4 -5 82 31
30 5 1 10 1 114 arrival 3 -7 74 39
30 5 1 10 1 114 arrival 8 -5 39 74
30 5 1 10 1 114 arrival -16 -5 94 19
30 5 1 10 1 114 arrival 16 -2 90 23
30 5 1 10 1 114 arrival 0 -7 58 55
30 5 1 10 1 115 arrival 12 -2 80 34
30 5 1 10 1 115 arrival 10 -5 49 65
30 5 1 10 1 115 arrival 15 -4 5 109
30 5 1 10 1 115 arrival 15 -1 83 31
30 5 1 10 1 115 arrival -3 -6 89 25
30 5 1 10 1 115 arrival -15 -4 36 78
30 5 1 10 1 115 arrival 5 -5 75 39
30 5 1 10 1 115 arrival 9 -5 74 40
30 5 1 10 1 115 arrival -4 -7 23 91
30 5 1 10 1 115 arrival 11 -3 25 89
30 5 1 10 1 116 arrival 3 -6 94 21
30 5 1 10 1 116 arrival 11 -5 6 109
30 5 1 10 1 116 arrival -2 -7 69 46
30 5 1 10 1 116 arrival 14 -5 75 40
30 5 1 10 1 116 arrival 10 -4 75 40
30 5 1 10 1 116 arrival -3 -7 43 72
30 5 1 10 1 116 arrival 10 -3 48 67
30 5 1 10 1 117 arrival 11 -4 28 88
30 5 1 10 1 117 arrival 16 -4 42 74
30 5 1 10 1 117 arrival -4 -8 61 55
30 5 1 10 1 117 arrival 14 -4 16 100
30 5 1 10 1 118 arrival 15 -2 95 22
30 5 1 10 1 118 arrival 16 -3 50 67
30 5 1 10 1 118 arrival 14 -2 89 28
30 5 1 10 1 118 arrival 12 -4 43 74
30 5 1 10 1 119 arrival 13 -4 92 26
