10 5 20 10 3 448 arrival 1 -16 5 82
10 5 20 10 3 448 arrival 5 -16 23 64
10 5 20 10 3 448 arrival -12 6 38 49
10 5 20 10 3 448 arrival -8 11 27 60
10 5 20 10 3 448 arrival 2 5 4 83
10 5 20 10 3 448 arrival 5 2 28 59
10 5 20 10 3 448 arrival 8 -2 23 64
10 5 20 10 3 448 arrival -14 -11 41 46
10 5 20 10 3 448 arrival 16 -6 29 58
10 5 20 10 3 448 arrival 1 -7 5 82
10 5 20 10 3 448 arrival -14 6 28 59
10 5 20 10 3 449 arrival 2 -15 38 50
10 5 20 10 3 449 arrival -1 -8 31 57
10 5 20 10 3 449 arrival -15 -8 25 63
10 5 20 10 3 449 arrival -13 -11 6 82
10 5 20 10 3 449 arrival 16 -1 20 68
10 5 20 10 3 449 arrival 6 -13 35 53
10 5 20 10 3 449 arrival 9 -9 5 83
10 5 20 10 3 449 arrival -2 -10 48 40
10 5 20 10 3 449 arrival 16 -3 47 41
10 5 20 10 3 449 arrival -10 11 30 58
10 5 20 10 3 449 arrival 0 -14 27 61
10 5 20 10 3 449 arrival 13 4 39 49
10 5 20 10 3 449 arrival 8 2 37 51
10 5 20 10 3 449 arrival 4 5 42 46
10 5 20 10 3 449 arrival 4 7 12 76
10 5 20 10 3 450 arrival -10 0 41 48
10 5 20 10 3 450 arrival 5 6 25 64
10 5 20 10 3 450 arrival 13 -6 28 61
10 5 20 10 3 450 arrival 7 9 45 44
10 5 20 10 3 450 arrival 15 -5 46 43
10 5 20 10 3 450 arrival 10 12 13 76
10 5 20 10 3 450 arrival -16 -1 35 54
10 5 20 10 3 450 arrival 11 -14 3 86
10 5 20 10 3 450 arrival -16 14 17 72
10 5 20 10 3 450 arrival -9 3 45 44
10 5 20 10 3 450 arrival 7 -9 46 43
10 5 20 10 3 450 arrival -2 -12 12 77
10 5 20 10 3 450 arrival -14 -8 39 50
10 5 20 10 3 450 arrival -9 11 16 73
10 5 20 10 3 450 arrival -12 2 42 47
10 5 20 10 3 450 arrival -14 -10 7 82
10 5 20 10 3 451 arrival 6 8 29 61
10 5 20 10 3 451 arrival -7 13 21 69
10 5 20 10 3 451 arrival 15 8 7 83
10 5 20 10 3 451 arrival -15 -13 48 42
10 5 20 10 3 451 arrival -16 1 30 60
10 5 20 10 3 451 arrival 11 -8 22 68
10 5 20 10 3 451 arrival -10 8 10 80
10 5 20 10 3 451 arrival 14 4 9 81
10 5 20 10 3 451 arrival -8 10 14 76
10 5 20 10 3 451 arrival 7 0 17 73
10 5 20 10 3 451 arrival 11 -12 38 52
10 5 20 10 3 451 arrival 11 12 17 73
10 5 20 10 3 451 arrival 9 11 42 48
10 5 20 10 3 451 arrival -16 -2 33 57
10 5 20 10 3 451 arrival 7 1 23 67
10 5 20 10 3 451 arrival 12 -15 9 81
10 5 20 10 3 452 arrival 12 9 42 49
10 5 20 10 3 452 arrival 16 16 45 46
10 5 20 10 3 452 arrival 6 -6 24 67
10 5 20 10 3 452 arrival 7 10 1 90
10 5 20 10 3 452 arrival -10 9 39 52
10 5 20 10 3 452 arrival 14 7 20 71
10 5 20 10 3 452 arrival -10 7 19 72
10 5 20 10 3 452 arrival -13 16 47 44
10 5 20 10 3 452 arrival 16 2 44 47
10 5 20 10 3 452 arrival 10 -12 11 80
10 5 20 10 3 453 arrival -14 4 24 68
10 5 20 10 3 453 arrival 12 -14 39 53
10 5 20 10 3 453 arrival -12 -16 39 53
10 5 20 10 3 453 arrival 15 -16 4 88
10 5 20 10 3 453 arrival 12 10 33 59
10 5 20 10 3 453 arrival -15 15 30 62
10 5 20 10 3 453 arrival -8 6 31 61
10 5 20 10 3 453 arrival -14 -12 14 78
10 5 20 10 3 453 arrival -16 7 9 83
10 5 20 10 3 453 arrival 2 -6 16 76
10 5 20 10 3 453 arrival -6 13 14 78
10 5 20 10 3 453 arrival 8 -14 49 43
10 5 20 10 3 453 arrival 7 -7 34 58
10 5 20 10 3 453 arrival 13 12 18 74
10 5 20 10 3 453 arrival 10 -13 8 84
10 5 20 10 3 453 arrival 10 -8 12 80
10 5 20 10 3 453 arrival -9 -11 24 68
10 5 20 10 3 453 arrival -8 -13 33 59
10 5 20 10 3 454 arrival 10 -11 39 54
10 5 20 10 3 454 arrival 7 -5 1 92
10 5 20 10 3 454 arrival 2 15 15 78
10 5 20 10 3 454 arrival 4 -5 13 80
10 5 20 10 3 454 arrival 8 -6 30 63
10 5 20 10 3 454 arrival 16 -16 45 48
10 5 20 10 3 454 arrival 9 -14 3 90
10 5 20 10 3 454 arrival 9 -1 45 48
10 5 20 10 3 454 arrival -11 -13 46 47
10 5 20 10 3 454 arrival 11 -7 41 52
10 5 20 10 3 454 arrival 15 16 10 83
10 5 20 10 3 454 arrival 3 -6 34 59
10 5 20 10 3 454 arrival 6 0 20 73
10 5 20 10 3 455 arrival -15 6 11 83
10 5 20 10 3 455 arrival 1 -15 4 90
10 5 20 10 3 455 arrival -7 11 21 73
10 5 20 10 3 455 arrival 5 16 11 83
10 5 20 10 3 455 arrival 1 5 13 81
10 5 20 10 3 455 arrival 3 -5 46 48
10 5 20 10 3 455 arrival 0 -7 40 54
10 5 20 10 3 455 arrival 8 -3 15 79
10 5 20 10 3 455 arrival -12 5 19 75
10 5 20 10 3 455 arrival 5 1 26 68
10 5 20 10 3 455 arrival 7 -14 36 58
10 5 20 10 3 455 arrival 9 -5 47 47
10 5 20 10 3 455 arrival 15 -6 27 67
10 5 20 10 3 456 arrival -15 -7 46 49
10 5 20 10 3 456 arrival -13 -10 1 94
10 5 20 10 3 456 arrival 4 6 47 48
10 5 20 10 3 456 arrival 3 3 35 60
10 5 20 10 3 456 arrival -5 4 34 61
10 5 20 10 3 456 arrival 16 -4 5 90
10 5 20 10 3 456 arrival 14 -7 38 57
10 5 20 10 3 456 arrival 0 -15 32 63
10 5 20 10 3 456 arrival -2 -8 3 92
10 5 20 10 3 456 arrival 10 -9 11 84
10 5 20 10 3 456 arrival 4 8 7 88
10 5 20 10 3 456 arrival -11 16 32 63
10 5 20 10 3 456 arrival -3 -10 37 58
10 5 20 10 3 456 arrival 5 15 29 66
10 5 20 10 3 457 arrival -15 -1 31 65
10 5 20 10 3 457 arrival 6 9 27 69
10 5 20 10 3 457 arrival -16 -4 28 68
10 5 20 10 3 457 arrival 0 -8 43 53
10 5 20 10 3 457 arrival 3 15 19 77
10 5 20 10 3 457 arrival -3 -12 33 63
10 5 20 10 3 457 arrival 10 13 4 92
10 5 20 10 3 457 arrival 16 -5 47 49
10 5 20 10 3 457 arrival -9 0 25 71
10 5 20 10 3 457 arrival -2 -11 38 58
10 5 20 10 3 457 arrival -13 -8 21 75
10 5 20 10 3 457 arrival -10 3 48 48
10 5 20 10 3 457 arrival -11 0 37 59
10 5 20 10 3 457 arrival -14 -9 32 64
10 5 20 10 3 457 arrival 4 3 48 48
10 5 20 10 3 457 arrival 8 -9 28 68
10 5 20 10 3 457 arrival 10 -14 21 75
10 5 20 10 3 457 arrival -13 2 34 62
10 5 20 10 3 457 arrival 16 14 14 82
10 5 20 10 3 457 arrival 14 -6 49 47
10 5 20 10 3 458 arrival -7 12 30 67
10 5 20 10 3 458 arrival 4 1 14 83
10 5 20 10 3 458 arrival 11 -9 23 74
10 5 20 10 3 458 arrival 12 12 31 66
10 5 20 10 3 458 arrival 16 8 20 77
10 5 20 10 3 458 arrival -16 0 49 48
10 5 20 10 3 458 arrival -7 5 40 57
10 5 20 10 3 458 arrival -9 8 32 65
10 5 20 10 3 458 arrival -16 2 13 84
10 5 20 10 3 458 arrival -7 10 2 95
10 5 20 10 3 458 arrival 9 12 11 86
10 5 20 10 3 458 arrival 12 -16 13 84
10 5 20 10 3 458 arrival -6 4 47 50
10 5 20 10 3 458 arrival 13 -16 31 66
10 5 20 10 3 458 arrival -16 -3 26 71
10 5 20 10 3 458 arrival 8 -8 10 87
10 5 20 10 3 458 arrival 5 8 21 76
10 5 20 10 3 458 arrival -11 -12 42 55
10 5 20 10 3 459 arrival -9 9 33 65
10 5 20 10 3 459 arrival -1 -7 47 51
10 5 20 10 3 459 arrival -10 6 6 92
10 5 20 10 3 459 arrival 6 10 5 93
10 5 20 10 3 459 arrival 8 -1 44 54
10 5 20 10 3 459 arrival 16 15 25 73
10 5 20 10 3 459 arrival 13 9 34 64
10 5 20 10 3 459 arrival 7 -6 26 72
10 5 20 10 3 460 arrival -6 12 33 66
10 5 20 10 3 460 arrival 1 -6 41 58
10 5 20 10 3 460 arrival -8 7 8 91
10 5 20 10 3 460 arrival 14 9 28 71
10 5 20 10 3 460 arrival 11 -15 23 76
10 5 20 10 3 460 arrival -9 -10 2 97
10 5 20 10 3 460 arrival -8 -12 46 53
10 5 20 10 3 460 arrival -16 3 20 79
10 5 20 10 3 460 arrival 12 11 34 65
10 5 20 10 3 460 arrival 13 13 9 90
10 5 20 10 3 460 arrival 8 -15 37 62
10 5 20 10 3 460 arrival -15 4 3 96
10 5 20 10 3 460 arrival 8 -7 26 73
10 5 20 10 3 461 arrival 13 11 49 51
10 5 20 10 3 461 arrival 6 -1 38 62
10 5 20 10 3 461 arrival 9 -15 5 95
10 5 20 10 3 461 arrival 10 -10 23 77
10 5 20 10 3 461 arrival -14 5 39 61
10 5 20 10 3 461 arrival -12 -11 47 53
10 5 20 10 3 461 arrival -6 11 14 86
10 5 20 10 3 461 arrival 14 16 34 66
10 5 20 10 3 461 arrival 8 -5 34 66
10 5 20 10 3 461 arrival 7 -8 43 57
10 5 20 10 3 461 arrival 4 2 30 70
10 5 20 10 3 461 arrival 4 -4 15 85
10 5 20 10 3 461 arrival 1 15 3 97
10 5 20 10 3 461 arrival -10 -11 34 66
10 5 20 10 3 462 arrival -11 -11 14 87
10 5 20 10 3 462 arrival 7 -3 9 92
10 5 20 10 3 462 arrival -11 5 28 73
10 5 20 10 3 462 arrival 6 16 34 67
10 5 20 10 3 462 arrival 0 5 10 91
10 5 20 10 3 462 arrival 0 -6 32 69
10 5 20 10 3 462 arrival -16 6 9 92
10 5 20 10 3 462 arrival 7 -15 18 83
10 5 20 10 3 462 arrival 3 -4 41 60
10 5 20 10 3 463 arrival -14 -7 33 69
10 5 20 10 3 463 arrival 0 -16 18 84
10 5 20 10 3 463 arrival -4 -10 10 92
10 5 20 10 3 463 arrival -12 -10 8 94
10 5 20 10 3 463 arrival -4 4 10 92
10 5 20 10 3 463 arrival 9 -3 48 54
10 5 20 10 3 463 arrival 6 15 1 101
10 5 20 10 3 463 arrival 6 -4 24 78
10 5 20 10 3 463 arrival 2 3 29 73
10 5 20 10 3 463 arrival 3 1 5 97
10 5 20 10 3 463 arrival 1 16 40 62
10 5 20 10 3 463 arrival 3 2 25 77
10 5 20 10 3 463 arrival 4 9 7 95
10 5 20 10 3 463 arrival -16 -5 29 73
10 5 20 10 3 463 arrival 3 6 39 63
10 5 20 10 3 463 arrival 7 -16 29 73
10 5 20 10 3 464 arrival -8 9 8 95
10 5 20 10 3 464 arrival 3 14 13 90
10 5 20 10 3 464 arrival 0 16 26 77
10 5 20 10 3 464 arrival -9 -1 15 88
10 5 20 10 3 464 arrival -15 -4 31 72
10 5 20 10 3 464 arrival -12 -8 16 87
10 5 20 10 3 464 arrival -3 -13 6 97
10 5 20 10 3 464 arrival -4 2 9 94
10 5 20 10 3 464 arrival 15 14 4 99
10 5 20 10 3 464 arrival -2 -9 48 55
10 5 20 10 3 464 arrival -2 -14 31 72
10 5 20 10 3 464 arrival -12 0 2 101
10 5 20 10 3 464 arrival 10 14 1 102
10 5 20 10 3 464 arrival 10 -15 5 98
10 5 20 10 3 464 arrival -11 3 43 60
10 5 20 10 3 464 arrival -13 1 15 88
10 5 20 10 3 464 arrival 5 9 48 55
10 5 20 10 3 465 arrival 12 13 2 102
10 5 20 10 3 465 arrival 8 12 5 99
10 5 20 10 3 465 arrival -15 -3 44 60
10 5 20 10 3 465 arrival 13 16 24 80
10 5 20 10 3 465 arrival 7 -1 9 95
10 5 20 10 3 465 arrival 11 -16 17 87
10 5 20 10 3 465 arrival 3 5 49 55
10 5 20 10 3 465 arrival 16 7 25 79
10 5 20 10 3 465 arrival 4 0 33 71
10 5 20 10 3 465 arrival -15 0 49 55
10 5 20 10 3 465 arrival -6 5 29 75
10 5 20 10 3 465 arrival -15 2 36 68
10 5 20 10 3 465 arrival -16 13 48 56
10 5 20 10 3 465 arrival -7 6 26 78
10 5 20 10 3 465 arrival -6 10 5 99
10 5 20 10 3 466 arrival -12 1 37 68
10 5 20 10 3 466 arrival -5 12 33 72
10 5 20 10 3 466 arrival 1 14 4 101
10 5 20 10 3 466 arrival 3 8 39 66
10 5 20 10 3 466 arrival -13 -9 41 64
10 5 20 10 3 466 arrival -10 4 46 59
10 5 20 10 3 466 arrival -11 6 35 70
10 5 20 10 3 466 arrival -15 1 37 68
10 5 20 10 3 466 arrival -11 -10 3 102
10 5 20 10 3 466 arrival 15 15 48 57
10 5 20 10 3 466 arrival 8 11 17 88
10 5 20 10 3 466 arrival -3 -11 27 78
10 5 20 10 3 466 arrival -1 -6 32 73
10 5 20 10 3 466 arrival 5 10 7 98
10 5 20 10 3 466 arrival 16 4 31 74
10 5 20 10 3 467 arrival 1 -5 29 77
10 5 20 10 3 467 arrival 8 -16 29 77
10 5 20 10 3 467 arrival -16 4 14 92
10 5 20 10 3 467 arrival -14 1 38 68
10 5 20 10 3 467 arrival -8 8 24 82
10 5 20 10 3 467 arrival 5 -5 27 79
10 5 20 10 3 467 arrival 13 14 6 100
10 5 20 10 3 467 arrival 11 13 32 74
10 5 20 10 3 467 arrival -8 -11 17 89
10 5 20 10 3 467 arrival 15 9 46 60
10 5 20 10 3 468 arrival -9 -13 48 59
10 5 20 10 3 468 arrival 15 12 44 63
10 5 20 10 3 468 arrival 6 -2 16 91
10 5 20 10 3 468 arrival -10 -10 1 106
10 5 20 10 3 468 arrival -12 -9 3 104
10 5 20 10 3 468 arrival -16 5 17 90
10 5 20 10 3 468 arrival 10 -16 27 80
10 5 20 10 3 468 arrival 13 10 41 66
10 5 20 10 3 468 arrival 9 -16 32 75
10 5 20 10 3 468 arrival 14 15 18 89
10 5 20 10 3 468 arrival -7 9 10 97
10 5 20 10 3 468 arrival 2 2 40 67
10 5 20 10 3 468 arrival 0 15 44 63
10 5 20 10 3 469 arrival 7 16 22 86
10 5 20 10 3 469 arrival 6 -3 20 88
10 5 20 10 3 469 arrival 16 5 20 88
10 5 20 10 3 469 arrival 6 -5 42 66
10 5 20 10 3 469 arrival -11 4 22 86
10 5 20 10 3 469 arrival -1 5 15 93
10 5 20 10 3 469 arrival 2 -4 1 107
10 5 20 10 3 470 arrival 16 6 12 97
10 5 20 10 3 470 arrival 3 9 18 91
10 5 20 10 3 470 arrival 2 1 16 93
10 5 20 10 3 470 arrival 3 7 23 86
10 5 20 10 3 470 arrival 2 6 39 70
10 5 20 10 3 470 arrival 7 -2 29 80
10 5 20 10 3 470 arrival 6 -16 27 82
10 5 20 10 3 470 arrival -15 -5 30 79
10 5 20 10 3 470 arrival -4 -11 23 86
10 5 20 10 3 470 arrival 5 -4 16 93
10 5 20 10 3 470 arrival 7 15 12 97
10 5 20 10 3 470 arrival 13 15 38 71
10 5 20 10 3 470 arrival -11 -9 4 105
10 5 20 10 3 470 arrival -1 -16 33 76
10 5 20 10 3 470 arrival 1 3 16 93
10 5 20 10 3 470 arrival -3 4 25 84
10 5 20 10 3 471 arrival -13 0 21 89
10 5 20 10 3 471 arrival -3 -9 37 73
10 5 20 10 3 471 arrival -10 -1 33 77
10 5 20 10 3 471 arrival -2 -13 39 71
10 5 20 10 3 471 arrival -15 -6 34 76
10 5 20 10 3 471 arrival -12 -1 11 99
10 5 20 10 3 471 arrival -11 -8 4 106
10 5 20 10 3 471 arrival -2 -15 25 85
10 5 20 10 3 471 arrival -14 -4 40 70
10 5 20 10 3 471 arrival 4 14 15 95
10 5 20 10 3 471 arrival 10 15 7 103
10 5 20 10 3 471 arrival 14 14 49 61
10 5 20 10 3 471 arrival -4 1 29 81
10 5 20 10 3 471 arrival -12 3 35 75
10 5 20 10 3 471 arrival -1 16 1 109
10 5 20 10 3 471 arrival -15 -2 40 70
10 5 20 10 3 471 arrival -6 14 38 72
10 5 20 10 3 471 arrival 8 16 36 74
10 5 20 10 3 472 arrival -7 15 47 64
10 5 20 10 3 472 arrival 5 11 32 79
10 5 20 10 3 472 arrival -6 9 16 95
10 5 20 10 3 472 arrival 4 -1 32 79
10 5 20 10 3 472 arrival 15 7 20 91
10 5 20 10 3 472 arrival -14 0 31 80
10 5 20 10 3 472 arrival -2 16 44 67
10 5 20 10 3 472 arrival 11 16 48 63
10 5 20 10 3 472 arrival -15 3 19 92
10 5 20 10 3 472 arrival -2 -7 35 76
10 5 20 10 3 472 arrival 8 13 10 101
10 5 20 10 3 472 arrival -3 -8 10 101
10 5 20 10 3 472 arrival 16 13 26 85
10 5 20 10 3 472 arrival -14 -3 16 95
10 5 20 10 3 472 arrival 10 16 7 104
10 5 20 10 3 472 arrival -9 7 37 74
10 5 20 10 3 472 arrival -1 -15 42 69
10 5 20 10 3 473 arrival -12 4 38 74
10 5 20 10 3 473 arrival 2 8 27 85
10 5 20 10 3 473 arrival -13 -7 35 77
10 5 20 10 3 473 arrival 4 10 34 78
10 5 20 10 3 473 arrival 2 -5 41 71
10 5 20 10 3 473 arrival -2 -6 18 94
10 5 20 10 3 473 arrival -15 5 41 71
10 5 20 10 3 473 arrival -6 7 3 109
10 5 20 10 3 473 arrival 7 11 10 102
10 5 20 10 3 473 arrival -5 11 5 107
10 5 20 10 3 473 arrival -4 -12 6 106
10 5 20 10 3 474 arrival -8 -10 5 108
10 5 20 10 3 474 arrival 16 9 32 81
10 5 20 10 3 474 arrival 11 14 44 69
10 5 20 10 3 474 arrival 0 -5 12 101
10 5 20 10 3 474 arrival -7 8 37 76
10 5 20 10 3 474 arrival -14 2 28 85
10 5 20 10 3 474 arrival 12 14 6 107
10 5 20 10 3 475 arrival 6 11 44 70
10 5 20 10 3 475 arrival 5 -2 8 106
10 5 20 10 3 475 arrival -14 3 11 103
10 5 20 10 3 475 arrival 0 14 28 86
10 5 20 10 3 475 arrival -11 -1 39 75
10 5 20 10 3 475 arrival -10 -9 6 108
10 5 20 10 3 475 arrival 9 16 11 103
10 5 20 10 3 475 arrival -9 6 44 70
10 5 20 10 3 475 arrival -14 -1 31 83
10 5 20 10 3 475 arrival 1 2 27 87
10 5 20 10 3 475 arrival -5 13 34 80
10 5 20 10 3 476 arrival -13 -6 7 108
10 5 20 10 3 476 arrival -5 9 25 90
10 5 20 10 3 476 arrival -10 5 49 66
10 5 20 10 3 476 arrival 5 -3 33 82
10 5 20 10 3 476 arrival 2 14 49 66
10 5 20 10 3 476 arrival 14 13 46 69
10 5 20 10 3 476 arrival 2 -3 13 102
10 5 20 10 3 476 arrival -1 4 1 114
10 5 20 10 3 476 arrival 6 12 6 109
10 5 20 10 3 477 arrival 0 3 22 94
10 5 20 10 3 477 arrival 12 16 42 74
10 5 20 10 3 477 arrival 7 14 2 114
10 5 20 10 3 477 arrival 12 15 16 100
10 5 20 10 3 477 arrival -5 -11 26 90
10 5 20 10 3 477 arrival 2 0 16 100
10 5 20 10 3 477 arrival 15 6 25 91
10 5 20 10 3 477 arrival -7 1 20 96
10 5 20 10 3 477 arrival 4 -3 18 98
10 5 20 10 3 477 arrival 2 7 33 83
10 5 20 10 3 477 arrival 2 9 2 114
10 5 20 10 3 477 arrival -2 -16 26 90
10 5 20 10 3 477 arrival -14 -5 15 101
10 5 20 10 3 477 arrival 1 6 42 74
10 5 20 10 3 478 arrival 8 14 12 105
10 5 20 10 3 478 arrival -13 -4 32 85
10 5 20 10 3 478 arrival -14 -2 46 71
10 5 20 10 3 478 arrival 9 15 6 111
10 5 20 10 3 478 arrival 4 15 46 71
10 5 20 10 3 478 arrival -1 15 48 69
10 5 20 10 3 478 arrival -4 -9 28 89
10 5 20 10 3 478 arrival -10 -2 10 107
10 5 20 10 3 478 arrival -11 -7 36 81
10 5 20 10 3 478 arrival 1 7 22 95
10 5 20 10 3 478 arrival 8 15 49 68
10 5 20 10 3 478 arrival -13 -1 2 115
10 5 20 10 3 478 arrival -13 3 40 77
10 5 20 10 3 478 arrival 5 14 17 100
10 5 20 10 3 478 arrival -3 -15 45 72
10 5 20 10 3 478 arrival -7 -12 27 90
10 5 20 10 3 478 arrival -9 -9 11 106
10 5 20 10 3 478 arrival -4 0 6 111
10 5 20 10 3 478 arrival -6 15 25 92
10 5 20 10 3 479 arrival 11 15 9 109
10 5 20 10 3 479 arrival -3 16 41 77
10 5 20 10 3 479 arrival -12 -7 8 110
10 5 20 10 3 479 arrival -13 -3 26 92
10 5 20 10 3 479 arrival -3 -7 2 116
10 5 20 10 3 479 arrival -8 0 25 93
10 5 20 10 3 479 arrival 9 13 43 75
10 5 20 10 3 479 arrival -6 8 35 83
10 5 20 10 3 479 arrival -4 3 45 73
10 5 20 10 3 479 arrival -13 -2 36 82
10 5 20 10 3 479 arrival 6 14 24 94
10 5 20 10 3 479 arrival 4 -2 14 104
10 5 20 10 3 479 arrival 5 12 30 88
10 5 20 10 3 480 arrival 9 14 12 107
10 5 20 10 3 480 arrival -4 11 25 94
10 5 20 10 3 480 arrival -5 7 3 116
10 5 20 10 3 480 arrival -2 -5 18 101
10 5 20 10 3 480 arrival 7 12 47 72
10 5 20 10 3 480 arrival 1 8 37 82
10 5 20 10 3 480 arrival 3 10 30 89
10 5 20 10 3 481 arrival -5 -10 28 92
10 5 20 10 3 481 arrival -1 -5 19 101
10 5 20 10 3 481 arrival -12 -2 36 84
10 5 20 10 3 481 arrival -8 -9 36 84
10 5 20 10 3 481 arrival -5 10 44 76
10 5 20 10 3 482 arrival -5 6 42 79
10 5 20 10 3 482 arrival -10 -8 43 78
10 5 20 10 3 482 arrival 5 -1 39 82
10 5 20 10 3 482 arrival 7 13 45 76
10 5 20 10 3 482 arrival 0 13 26 95
10 5 20 10 3 482 arrival -11 -2 40 81
10 5 20 10 3 482 arrival -4 13 1 120
10 5 20 10 3 482 arrival 0 2 1 120
10 5 20 10 3 482 arrival -5 8 27 94
10 5 20 10 3 483 arrival 4 11 40 82
10 5 20 10 3 483 arrival 2 13 8 114
10 5 20 10 3 483 arrival -13 -5 22 100
10 5 20 10 3 483 arrival 6 13 21 101
10 5 20 10 3 483 arrival -2 4 12 110
10 5 20 10 3 483 arrival -7 -10 44 78
10 5 20 10 3 483 arrival 1 -3 3 119
10 5 20 10 3 483 arrival -6 -12 23 99
10 5 20 10 3 483 arrival -4 9 13 109
10 5 20 10 3 483 arrival 2 10 14 108
10 5 20 10 3 483 arrival 3 0 44 78
10 5 20 10 3 484 arrival -3 -16 20 103
10 5 20 10 3 484 arrival -12 -5 36 87
10 5 20 10 3 484 arrival 1 9 30 93
10 5 20 10 3 484 arrival -4 -8 9 114
10 5 20 10 3 484 arrival -7 0 43 80
10 5 20 10 3 484 arrival 0 4 27 96
10 5 20 10 3 484 arrival 0 6 26 97
10 5 20 10 3 484 arrival -6 -11 45 78
10 5 20 10 3 484 arrival 3 -3 24 99
10 5 20 10 3 485 arrival -9 -8 49 75
10 5 20 10 3 485 arrival -5 15 49 75
10 5 20 10 3 485 arrival -3 0 36 88
10 5 20 10 3 485 arrival -10 -3 37 87
10 5 20 10 3 485 arrival -5 -9 47 77
10 5 20 10 3 485 arrival -4 5 47 77
10 5 20 10 3 485 arrival -1 14 39 85
10 5 20 10 3 485 arrival 0 7 40 84
10 5 20 10 3 485 arrival 5 13 45 79
10 5 20 10 3 485 arrival -12 -4 48 76
10 5 20 10 3 485 arrival 3 -2 28 96
10 5 20 10 3 485 arrival -1 6 7 117
10 5 20 10 3 486 arrival 3 -1 21 104
10 5 20 10 3 486 arrival -3 3 8 117
10 5 20 10 3 486 arrival -12 -6 32 93
10 5 20 10 3 486 arrival -12 -3 40 85
10 5 20 10 3 486 arrival -6 -9 41 84
10 5 20 10 3 486 arrival -4 12 8 117
10 5 20 10 3 486 arrival 4 12 20 105
10 5 20 10 3 486 arrival 3 13 43 82
10 5 20 10 3 486 arrival -4 -7 6 119
10 5 20 10 3 486 arrival -8 -1 41 84
10 5 20 10 3 486 arrival -1 7 6 119
10 5 20 10 3 486 arrival -3 2 41 84
10 5 20 10 3 487 arrival -4 7 43 83
10 5 20 10 3 487 arrival 3 11 48 78
10 5 20 10 3 487 arrival -3 -5 24 102
10 5 20 10 3 487 arrival -8 -2 45 81
10 5 20 10 3 487 arrival 2 -1 47 79
10 5 20 10 3 487 arrival -3 -6 44 82
10 5 20 10 3 487 arrival -4 10 35 91
10 5 20 10 3 488 arrival 3 12 19 108
10 5 20 10 3 488 arrival -7 -9 34 93
10 5 20 10 3 488 arrival 4 13 48 79
10 5 20 10 3 488 arrival 1 13 40 87
10 5 20 10 3 488 arrival -6 -10 15 112
10 5 20 10 3 488 arrival 1 -1 32 95
10 5 20 10 3 488 arrival -1 -4 32 95
10 5 20 10 3 489 arrival 1 -4 31 97
10 5 20 10 3 489 arrival 0 1 2 126
10 5 20 10 3 489 arrival -4 6 6 122
10 5 20 10 3 489 arrival -4 8 15 113
10 5 20 10 3 489 arrival -1 13 12 116
10 5 20 10 3 489 arrival -10 -7 43 85
10 5 20 10 3 489 arrival -11 -3 30 98
10 5 20 10 3 490 arrival -3 9 18 111
10 5 20 10 3 490 arrival 1 10 38 91
10 5 20 10 3 490 arrival -2 -4 44 85
10 5 20 10 3 490 arrival -2 13 25 104
10 5 20 10 3 490 arrival 1 -2 4 125
10 5 20 10 3 490 arrival 2 12 2 127
10 5 20 10 3 490 arrival -2 5 7 122
10 5 20 10 3 490 arrival -2 12 19 110
10 5 20 10 3 491 arrival -11 -5 21 109
10 5 20 10 3 491 arrival -5 -8 43 87
10 5 20 10 3 491 arrival 0 9 8 122
10 5 20 10 3 491 arrival -9 -2 45 85
10 5 20 10 3 491 arrival -6 0 16 114
10 5 20 10 3 492 arrival -2 14 20 111
10 5 20 10 3 492 arrival -9 -3 43 88
10 5 20 10 3 492 arrival -10 -5 33 98
10 5 20 10 3 492 arrival 0 8 19 112
10 5 20 10 3 492 arrival -4 15 44 87
10 5 20 10 3 492 arrival -9 -7 33 98
10 5 20 10 3 492 arrival -3 5 35 96
10 5 20 10 3 492 arrival 1 1 46 85
10 5 20 10 3 492 arrival -11 -6 37 94
10 5 20 10 3 492 arrival -2 6 31 100
10 5 20 10 3 492 arrival 2 -2 43 88
10 5 20 10 3 493 arrival -3 6 26 106
10 5 20 10 3 493 arrival -1 8 9 123
10 5 20 10 3 493 arrival -4 -6 13 119
10 5 20 10 3 493 arrival -6 -8 20 112
10 5 20 10 3 493 arrival -8 -8 39 93
10 5 20 10 3 493 arrival -1 3 47 85
10 5 20 10 3 493 arrival -2 3 9 123
10 5 20 10 3 493 arrival -3 1 13 119
10 5 20 10 3 494 arrival -7 -2 33 100
10 5 20 10 3 494 arrival -3 7 2 131
10 5 20 10 3 494 arrival -4 -5 24 109
10 5 20 10 3 494 arrival -6 -7 8 125
10 5 20 10 3 494 arrival -10 -6 3 130
10 5 20 10 3 494 arrival -2 8 25 108
10 5 20 10 3 494 arrival 2 11 44 89
10 5 20 10 3 494 arrival -3 10 18 115
10 5 20 10 3 495 arrival -3 14 28 106
10 5 20 10 3 495 arrival -7 -8 8 126
10 5 20 10 3 495 arrival 1 12 29 105
10 5 20 10 3 495 arrival -5 -6 11 123
10 5 20 10 3 495 arrival 1 0 47 87
10 5 20 10 3 495 arrival -1 -3 2 132
10 5 20 10 3 495 arrival 0 -1 5 129
10 5 20 10 3 496 arrival -1 12 11 124
10 5 20 10 3 496 arrival -3 8 9 126
10 5 20 10 3 496 arrival -5 -7 41 94
10 5 20 10 3 496 arrival -6 -1 12 123
10 5 20 10 3 496 arrival 0 -4 24 111
10 5 20 10 3 496 arrival 0 0 21 114
10 5 20 10 3 497 arrival -2 -3 40 96
10 5 20 10 3 497 arrival 0 -3 11 125
10 5 20 10 3 497 arrival 0 -2 27 109
10 5 20 10 3 497 arrival 1 11 13 123
10 5 20 10 3 497 arrival -2 11 7 129
10 5 20 10 3 497 arrival -2 9 22 114
10 5 20 10 3 498 arrival -2 7 22 115
10 5 20 10 3 498 arrival -5 0 45 92
10 5 20 10 3 498 arrival 0 10 42 95
10 5 20 10 3 498 arrival -1 2 9 128
10 5 20 10 3 499 arrival 0 11 25 113
10 5 20 10 3 499 arrival -9 -4 10 128
10 5 20 10 3 499 arrival -10 -4 46 92
10 5 20 10 3 499 arrival -6 1 46 92
10 5 20 10 3 500 arrival -1 10 14 125
10 5 20 10 3 500 arrival -8 -7 20 119
10 5 20 10 3 500 arrival -2 1 32 107
10 5 20 10 3 500 arrival -4 -1 48 91
10 5 20 10 3 500 arrival -2 2 46 93
10 5 20 10 3 500 arrival -9 -6 30 109
10 5 20 10 3 501 arrival -6 -6 38 102
10 5 20 10 3 501 arrival -1 0 36 104
10 5 20 10 3 501 arrival -5 -5 24 116
10 5 20 10 3 501 arrival -3 11 36 104
10 5 20 10 3 501 arrival -6 -2 47 93
10 5 20 10 3 502 arrival -1 -1 10 131
10 5 20 10 3 502 arrival -8 -6 41 100
10 5 20 10 3 502 arrival -6 -5 19 122
10 5 20 10 3 502 arrival -2 10 40 101
10 5 20 10 3 502 arrival -7 -7 47 94
10 5 20 10 3 502 arrival -1 -2 36 105
10 5 20 10 3 503 arrival -2 -1 49 93
10 5 20 10 3 503 arrival -5 -1 19 123
10 5 20 10 3 504 arrival -1 9 44 99
10 5 20 10 3 504 arrival -2 -2 13 130
10 5 20 10 3 504 arrival -9 -5 48 95
10 5 20 10 3 505 arrival -5 1 26 118
10 5 20 10 3 505 arrival -1 1 36 108
10 5 20 10 3 506 arrival -8 -4 7 138
10 5 20 10 3 507 arrival -2 0 48 98
10 5 20 10 3 507 arrival -6 -3 17 129
10 5 20 10 3 507 arrival -3 -1 4 142
10 5 20 10 3 508 arrival -3 -2 27 120
10 5 20 10 3 508 arrival -8 -5 20 127
10 5 20 10 3 508 arrival -5 -2 43 104
10 5 20 10 3 508 arrival -7 -6 9 138
10 5 20 10 3 509 arrival -7 -5 15 133
10 5 20 10 3 509 arrival -3 -4 46 102
