10 5 20 10 1 9 arrival 12 12 1 7
10 5 20 10 1 11 arrival 1 2 4 6
10 5 20 10 1 12 arrival -9 -3 4 7
10 5 20 10 1 13 arrival 0 -4 5 7
10 5 20 10 1 18 arrival 2 2 10 7
10 5 20 10 1 19 arrival -9 -2 12 6
10 5 20 10 1 21 arrival 10 12 2 18
10 5 20 10 1 25 arrival 2 1 5 19
10 5 20 10 1 26 arrival -7 -4 9 16
10 5 20 10 1 27 arrival -8 -1 17 9
10 5 20 10 1 27 arrival -9 0 7 19
10 5 20 10 1 28 arrival 10 11 4 23
10 5 20 10 1 30 arrival -8 1 6 23
10 5 20 10 1 32 arrival 3 1 11 20
10 5 20 10 1 33 arrival 1 1 20 12
10 5 20 10 1 34 arrival -10 0 3 30
10 5 20 10 1 34 arrival -9 -4 13 20
10 5 20 10 1 35 arrival 11 11 4 30
10 5 20 10 1 35 arrival 1 -4 9 25
10 5 20 10 1 36 arrival -8 -5 26 9
10 5 20 10 1 36 arrival -9 1 29 6
10 5 20 10 1 39 arrival 3 2 15 23
10 5 20 10 1 39 arrival -9 3 16 22
10 5 20 10 1 40 arrival 2 3 19 20
10 5 20 10 1 40 arrival 1 0 12 27
10 5 20 10 1 41 arrival -10 -4 2 38
10 5 20 10 1 41 arrival -10 -1 25 15
10 5 20 10 1 42 arrival 1 -5 23 18
10 5 20 10 1 42 arrival 11 10 6 35
10 5 20 10 1 43 arrival -8 -6 8 34
10 5 20 10 1 43 arrival 9 12 22 20
10 5 20 10 1 44 arrival -11 -2 10 33
10 5 20 10 1 46 arrival 3 3 35 10
10 5 20 10 1 46 arrival -10 3 5 40
10 5 20 10 1 47 arrival 2 4 32 14
10 5 20 10 1 47 arrival 1 -1 3 43
10 5 20 10 1 48 arrival -10 -5 3 44
10 5 20 10 1 49 arrival -10 1 38 10
10 5 20 10 1 49 arrival 0 -5 30 18
10 5 20 10 1 49 arrival 0 2 29 19
10 5 20 10 1 49 arrival -9 -1 42 6
10 5 20 10 1 49 arrival 10 10 24 24
10 5 20 10 1 50 arrival -8 -7 7 42
10 5 20 10 1 50 arrival 9 11 32 17
10 5 20 10 1 51 arrival -12 -2 4 46
10 5 20 10 1 52 arrival -8 2 44 7
10 5 20 10 1 52 arrival -9 -5 44 7
10 5 20 10 1 53 arrival -10 4 20 32
10 5 20 10 1 53 arrival 3 4 22 30
10 5 20 10 1 54 arrival 1 4 4 49
10 5 20 10 1 54 arrival 1 -2 16 37
10 5 20 10 1 54 arrival 4 1 33 20
10 5 20 10 1 55 arrival -10 -6 20 34
10 5 20 10 1 55 arrival 0 1 15 39
10 5 20 10 1 56 arrival -11 1 21 34
10 5 20 10 1 56 arrival -1 -5 39 16
10 5 20 10 1 56 arrival 10 9 23 32
10 5 20 10 1 56 arrival -1 2 19 36
10 5 20 10 1 56 arrival -11 0 39 16
10 5 20 10 1 57 arrival 11 12 24 32
10 5 20 10 1 57 arrival -8 -8 26 30
10 5 20 10 1 57 arrival 1 -3 26 30
10 5 20 10 1 57 arrival -10 -2 43 13
10 5 20 10 1 58 arrival -9 2 47 10
10 5 20 10 1 58 arrival -12 -3 29 28
10 5 20 10 1 59 arrival -9 -6 11 47
10 5 20 10 1 60 arrival -10 2 40 19
10 5 20 10 1 60 arrival 3 5 1 58
10 5 20 10 1 60 arrival -9 4 23 36
10 5 20 10 1 61 arrival 0 -2 27 33
10 5 20 10 1 61 arrival 5 1 13 47
10 5 20 10 1 61 arrival 4 2 48 12
10 5 20 10 1 62 arrival 0 0 28 33
10 5 20 10 1 62 arrival -9 5 30 31
10 5 20 10 1 62 arrival 1 3 40 21
10 5 20 10 1 63 arrival -11 -4 40 22
10 5 20 10 1 63 arrival -11 -1 44 18
10 5 20 10 1 63 arrival 9 9 24 38
10 5 20 10 1 63 arrival 0 -1 42 20
10 5 20 10 1 63 arrival -12 0 14 48
10 5 20 10 1 63 arrival -1 -6 18 44
10 5 20 10 1 63 arrival -12 1 45 17
10 5 20 10 1 64 arrival 11 9 29 34
10 5 20 10 1 64 arrival -10 -3 43 20
10 5 20 10 1 64 arrival 2 -3 28 35
10 5 20 10 1 64 arrival 11 13 25 38
10 5 20 10 1 64 arrival -9 -8 5 58
10 5 20 10 1 64 arrival 1 -6 30 33
10 5 20 10 1 65 arrival -12 -4 29 35
10 5 20 10 1 65 arrival -7 -6 29 35
10 5 20 10 1 66 arrival -9 -7 27 38
10 5 20 10 1 66 arrival -11 -3 40 25
10 5 20 10 1 67 arrival -11 2 49 17
10 5 20 10 1 67 arrival -11 3 21 45
10 5 20 10 1 68 arrival 5 0 11 56
10 5 20 10 1 68 arrival 4 3 48 19
10 5 20 10 1 68 arrival -1 -2 27 40
10 5 20 10 1 68 arrival 5 2 41 26
10 5 20 10 1 69 arrival 2 5 29 39
10 5 20 10 1 69 arrival 2 -1 33 35
10 5 20 10 1 69 arrival -9 6 25 43
10 5 20 10 1 69 arrival 0 3 42 26
10 5 20 10 1 70 arrival -2 -6 41 28
10 5 20 10 1 70 arrival -13 0 16 53
10 5 20 10 1 70 arrival 9 8 25 44
10 5 20 10 1 70 arrival -12 -1 43 26
10 5 20 10 1 70 arrival -13 1 23 46
10 5 20 10 1 71 arrival 12 9 18 52
10 5 20 10 1 71 arrival 3 -3 1 69
10 5 20 10 1 71 arrival 10 13 28 42
10 5 20 10 1 71 arrival -12 -5 19 51
10 5 20 10 1 71 arrival -9 -9 7 63
10 5 20 10 1 72 arrival -6 -6 38 33
10 5 20 10 1 72 arrival -7 -7 45 26
10 5 20 10 1 72 arrival 8 11 34 37
10 5 20 10 1 72 arrival -13 -4 24 47
10 5 20 10 1 73 arrival -13 -2 45 27
10 5 20 10 1 74 arrival -7 3 19 54
10 5 20 10 1 74 arrival 2 0 47 26
10 5 20 10 1 74 arrival -12 3 14 59
10 5 20 10 1 75 arrival -11 4 32 42
10 5 20 10 1 75 arrival 5 3 7 67
10 5 20 10 1 75 arrival -1 -3 26 48
10 5 20 10 1 76 arrival 3 -1 14 61
10 5 20 10 1 76 arrival 0 4 20 55
10 5 20 10 1 76 arrival 1 5 2 73
10 5 20 10 1 76 arrival 4 0 40 35
10 5 20 10 1 76 arrival 2 -2 47 28
10 5 20 10 1 76 arrival 5 4 9 66
10 5 20 10 1 76 arrival -9 7 10 65
10 5 20 10 1 77 arrival -13 2 6 70
10 5 20 10 1 77 arrival 9 7 2 74
10 5 20 10 1 77 arrival 1 6 28 48
10 5 20 10 1 77 arrival -3 -6 11 65
10 5 20 10 1 77 arrival -13 -1 31 45
10 5 20 10 1 77 arrival -12 2 41 35
10 5 20 10 1 78 arrival 12 8 25 52
10 5 20 10 1 78 arrival -13 -5 11 66
10 5 20 10 1 78 arrival 10 14 10 67
10 5 20 10 1 78 arrival -1 3 35 42
10 5 20 10 1 78 arrival -2 -5 41 36
10 5 20 10 1 78 arrival -14 -1 30 47
10 5 20 10 1 78 arrival 10 8 34 43
10 5 20 10 1 78 arrival -10 -9 2 75
10 5 20 10 1 78 arrival 3 -2 6 71
10 5 20 10 1 79 arrival -8 -9 6 72
10 5 20 10 1 79 arrival -6 -7 26 52
10 5 20 10 1 79 arrival 0 -3 36 42
10 5 20 10 1 79 arrival -13 -3 33 45
10 5 20 10 1 79 arrival 8 12 12 66
10 5 20 10 1 79 arrival -5 -6 25 53
10 5 20 10 1 80 arrival 11 14 28 51
10 5 20 10 1 80 arrival -14 -2 21 58
10 5 20 10 1 80 arrival -14 1 13 66
10 5 20 10 1 81 arrival -11 -7 1 79
10 5 20 10 1 81 arrival -12 4 28 52
10 5 20 10 1 82 arrival 6 3 31 50
10 5 20 10 1 82 arrival -10 -7 35 46
10 5 20 10 1 82 arrival -11 5 36 45
10 5 20 10 1 82 arrival 3 6 21 60
10 5 20 10 1 82 arrival -7 5 18 63
10 5 20 10 1 83 arrival 4 4 18 64
10 5 20 10 1 83 arrival -1 4 19 63
10 5 20 10 1 83 arrival -12 -7 3 79
10 5 20 10 1 83 arrival -10 7 3 79
10 5 20 10 1 83 arrival 4 -1 48 34
10 5 20 10 1 83 arrival 6 1 19 63
10 5 20 10 1 83 arrival 0 5 36 46
10 5 20 10 1 84 arrival -3 -7 10 73
10 5 20 10 1 84 arrival 5 -1 29 54
10 5 20 10 1 84 arrival 4 -2 30 53
10 5 20 10 1 84 arrival 1 7 3 80
10 5 20 10 1 84 arrival -8 5 29 54
10 5 20 10 1 84 arrival -14 2 27 56
10 5 20 10 1 84 arrival 10 7 6 77
10 5 20 10 1 85 arrival -1 -7 43 41
10 5 20 10 1 85 arrival -13 -6 33 51
10 5 20 10 1 85 arrival -2 3 39 45
10 5 20 10 1 85 arrival 11 8 25 59
10 5 20 10 1 85 arrival 8 9 31 53
10 5 20 10 1 85 arrival -15 -1 11 73
10 5 20 10 1 85 arrival -11 -9 18 66
10 5 20 10 1 85 arrival 12 7 19 65
10 5 20 10 1 85 arrival 10 15 5 79
10 5 20 10 1 85 arrival -8 4 41 43
10 5 20 10 1 85 arrival 5 -2 46 38
10 5 20 10 1 86 arrival -4 -6 35 50
10 5 20 10 1 86 arrival -5 -7 40 45
10 5 20 10 1 86 arrival 1 -7 37 48
10 5 20 10 1 86 arrival -10 -8 26 59
10 5 20 10 1 86 arrival 2 -4 37 48
10 5 20 10 1 86 arrival 4 -3 49 36
10 5 20 10 1 86 arrival -14 -3 23 62
10 5 20 10 1 86 arrival 6 2 13 72
10 5 20 10 1 87 arrival 12 14 31 55
10 5 20 10 1 87 arrival 12 10 46 40
10 5 20 10 1 87 arrival -15 1 37 49
10 5 20 10 1 87 arrival -7 -8 45 41
10 5 20 10 1 87 arrival 11 15 22 64
10 5 20 10 1 88 arrival -13 4 30 57
10 5 20 10 1 88 arrival -11 -8 14 73
10 5 20 10 1 89 arrival -11 6 24 64
10 5 20 10 1 89 arrival 7 3 17 71
10 5 20 10 1 89 arrival -7 6 34 54
10 5 20 10 1 89 arrival 4 6 10 78
10 5 20 10 1 90 arrival -14 0 47 42
10 5 20 10 1 90 arrival 6 0 23 66
10 5 20 10 1 90 arrival 4 5 41 48
10 5 20 10 1 90 arrival 7 1 15 74
10 5 20 10 1 90 arrival -14 -4 36 53
10 5 20 10 1 90 arrival -13 -7 6 83
10 5 20 10 1 90 arrival -1 5 35 54
10 5 20 10 1 91 arrival -10 6 27 63
10 5 20 10 1 91 arrival -2 -7 26 64
10 5 20 10 1 91 arrival 6 -1 24 66
10 5 20 10 1 91 arrival -15 2 8 82
10 5 20 10 1 91 arrival 2 7 31 59
10 5 20 10 1 91 arrival 10 6 9 81
10 5 20 10 1 91 arrival 2 6 47 43
10 5 20 10 1 91 arrival -1 6 1 89
10 5 20 10 1 92 arrival 8 10 19 72
10 5 20 10 1 92 arrival 13 7 21 70
10 5 20 10 1 92 arrival -14 -6 37 54
10 5 20 10 1 92 arrival 8 8 33 58
10 5 20 10 1 92 arrival 11 7 31 60
10 5 20 10 1 92 arrival 9 15 28 63
10 5 20 10 1 92 arrival 5 -3 7 84
10 5 20 10 1 92 arrival -15 0 4 87
10 5 20 10 1 92 arrival -11 -10 8 83
10 5 20 10 1 92 arrival -8 -11 1 90
10 5 20 10 1 92 arrival 0 -7 6 85
10 5 20 10 1 92 arrival -3 3 10 81
10 5 20 10 1 93 arrival -5 -8 13 79
10 5 20 10 1 93 arrival -4 -7 28 64
10 5 20 10 1 93 arrival 4 -4 34 58
10 5 20 10 1 93 arrival 2 -7 3 89
10 5 20 10 1 93 arrival 7 2 5 87
10 5 20 10 1 93 arrival -15 -3 47 45
10 5 20 10 1 93 arrival 3 -4 11 81
10 5 20 10 1 94 arrival -16 1 24 69
10 5 20 10 1 94 arrival -6 -8 43 50
10 5 20 10 1 94 arrival 13 14 41 52
10 5 20 10 1 94 arrival 7 11 16 77
10 5 20 10 1 94 arrival 11 16 34 59
10 5 20 10 1 94 arrival 13 10 26 67
10 5 20 10 1 95 arrival -13 3 29 65
10 5 20 10 1 95 arrival 14 8 4 90
10 5 20 10 1 95 arrival -12 -8 9 85
10 5 20 10 1 96 arrival -14 3 17 78
10 5 20 10 1 96 arrival -15 -4 40 55
10 5 20 10 1 96 arrival -11 7 15 80
10 5 20 10 1 96 arrival 0 6 42 53
10 5 20 10 1 96 arrival 5 6 24 71
10 5 20 10 1 96 arrival -7 7 5 90
10 5 20 10 1 97 arrival -4 -8 35 61
10 5 20 10 1 97 arrival 7 0 48 48
10 5 20 10 1 97 arrival -13 -8 36 60
10 5 20 10 1 97 arrival 5 5 48 48
10 5 20 10 1 97 arrival 8 1 36 60
10 5 20 10 1 97 arrival -14 -5 49 47
10 5 20 10 1 98 arrival 6 4 29 68
10 5 20 10 1 98 arrival 9 6 7 90
10 5 20 10 1 98 arrival -15 -5 7 90
10 5 20 10 1 98 arrival -16 2 15 82
10 5 20 10 1 98 arrival -2 6 19 78
10 5 20 10 1 98 arrival -8 7 22 75
10 5 20 10 1 98 arrival -10 5 34 63
10 5 20 10 1 98 arrival 6 -2 14 83
10 5 20 10 1 98 arrival 3 7 32 65
10 5 20 10 1 99 arrival 7 4 42 56
10 5 20 10 1 99 arrival 13 6 35 63
10 5 20 10 1 99 arrival -11 -11 5 93
10 5 20 10 1 99 arrival -15 -6 29 69
10 5 20 10 1 99 arrival 11 6 26 72
10 5 20 10 1 99 arrival -3 6 27 71
10 5 20 10 1 99 arrival 8 7 29 69
10 5 20 10 1 99 arrival 5 -4 11 87
10 5 20 10 1 99 arrival -9 -11 1 97
10 5 20 10 1 99 arrival 0 -8 48 50
10 5 20 10 1 99 arrival 9 14 21 77
10 5 20 10 1 99 arrival 7 10 12 86
10 5 20 10 1 99 arrival -16 0 42 56
10 5 20 10 1 100 arrival 2 -8 19 80
10 5 20 10 1 100 arrival 0 7 32 67
10 5 20 10 1 100 arrival -5 -9 21 78
10 5 20 10 1 100 arrival 3 -5 29 70
10 5 20 10 1 100 arrival -10 -10 38 61
10 5 20 10 1 100 arrival -12 5 49 50
10 5 20 10 1 100 arrival 7 7 17 82
10 5 20 10 1 100 arrival 8 2 10 89
10 5 20 10 1 100 arrival 4 -5 21 78
10 5 20 10 1 100 arrival -16 -3 22 77
10 5 20 10 1 101 arrival 12 6 33 67
10 5 20 10 1 101 arrival 12 16 32 68
10 5 20 10 1 101 arrival -3 -8 32 68
10 5 20 10 1 101 arrival -15 -2 49 51
10 5 20 10 1 101 arrival -6 -9 5 95
10 5 20 10 1 101 arrival 13 15 1 99
10 5 20 10 1 101 arrival 7 12 2 98
10 5 20 10 1 101 arrival 9 13 27 73
10 5 20 10 1 101 arrival 16 1 37 63
10 5 20 10 1 101 arrival -2 4 46 54
10 5 20 10 1 102 arrival 12 11 36 65
10 5 20 10 1 102 arrival -9 -10 8 93
10 5 20 10 1 102 arrival -12 -9 41 60
10 5 20 10 1 102 arrival -3 4 8 93
10 5 20 10 1 102 arrival 7 13 36 65
10 5 20 10 1 103 arrival -12 7 7 95
10 5 20 10 1 103 arrival 6 6 3 99
10 5 20 10 1 103 arrival 15 9 29 73
10 5 20 10 1 103 arrival -6 7 1 101
10 5 20 10 1 103 arrival -16 -4 27 75
10 5 20 10 1 103 arrival -6 -10 42 60
10 5 20 10 1 104 arrival -13 -9 16 87
10 5 20 10 1 104 arrival -6 5 39 64
10 5 20 10 1 104 arrival 10 16 37 66
10 5 20 10 1 104 arrival 8 0 22 81
10 5 20 10 1 104 arrival 6 5 49 54
10 5 20 10 1 104 arrival -15 3 44 59
10 5 20 10 1 104 arrival 9 10 49 54
10 5 20 10 1 104 arrival -4 -9 46 57
10 5 20 10 1 105 arrival -8 8 28 76
10 5 20 10 1 105 arrival 8 6 18 86
10 5 20 10 1 105 arrival -16 -5 40 64
10 5 20 10 1 105 arrival -10 8 23 81
10 5 20 10 1 105 arrival 6 -3 13 91
10 5 20 10 1 105 arrival 8 -1 19 85
10 5 20 10 1 105 arrival -16 3 14 90
10 5 20 10 1 105 arrival -2 7 42 62
10 5 20 10 1 106 arrival 5 -5 9 96
10 5 20 10 1 106 arrival 7 5 7 98
10 5 20 10 1 106 arrival -15 -7 3 102
10 5 20 10 1 106 arrival -2 -8 31 74
10 5 20 10 1 106 arrival -16 4 33 72
10 5 20 10 1 106 arrival -3 7 37 68
10 5 20 10 1 106 arrival 0 -9 11 94
10 5 20 10 1 106 arrival -10 -11 23 82
10 5 20 10 1 106 arrival 11 5 45 60
10 5 20 10 1 106 arrival 16 0 5 100
10 5 20 10 1 106 arrival 1 8 34 71
10 5 20 10 1 106 arrival 8 14 44 61
10 5 20 10 1 106 arrival 14 6 8 97
10 5 20 10 1 106 arrival -8 6 49 56
10 5 20 10 1 107 arrival -1 -8 46 60
10 5 20 10 1 107 arrival -1 7 38 68
10 5 20 10 1 107 arrival 16 -3 22 84
10 5 20 10 1 107 arrival 10 5 8 98
10 5 20 10 1 107 arrival -16 -1 14 92
10 5 20 10 1 107 arrival 9 1 25 81
10 5 20 10 1 107 arrival 7 9 28 78
10 5 20 10 1 107 arrival -10 -12 23 83
10 5 20 10 1 107 arrival 6 7 34 72
10 5 20 10 1 107 arrival 5 7 38 68
10 5 20 10 1 107 arrival 2 -9 18 88
10 5 20 10 1 107 arrival 8 5 37 69
10 5 20 10 1 107 arrival 3 -6 5 101
10 5 20 10 1 107 arrival -5 -10 3 103
10 5 20 10 1 107 arrival 4 -6 38 68
10 5 20 10 1 108 arrival 2 -5 44 63
10 5 20 10 1 108 arrival -12 -10 29 78
10 5 20 10 1 108 arrival 8 15 25 82
10 5 20 10 1 108 arrival 13 16 2 105
10 5 20 10 1 108 arrival -14 -7 46 61
10 5 20 10 1 108 arrival 6 8 12 95
10 5 20 10 1 108 arrival 8 13 10 97
10 5 20 10 1 108 arrival 16 2 43 64
10 5 20 10 1 109 arrival 7 -1 39 69
10 5 20 10 1 109 arrival 15 7 47 61
10 5 20 10 1 109 arrival 12 15 48 60
10 5 20 10 1 109 arrival 13 -16 43 65
10 5 20 10 1 109 arrival -12 -11 28 80
10 5 20 10 1 109 arrival 16 -2 34 74
10 5 20 10 1 109 arrival 6 13 6 102
10 5 20 10 1 110 arrival 5 13 7 102
10 5 20 10 1 110 arrival -6 8 14 95
10 5 20 10 1 110 arrival -13 7 12 97
10 5 20 10 1 110 arrival -9 -12 34 75
10 5 20 10 1 110 arrival 16 -4 13 96
10 5 20 10 1 110 arrival -14 4 45 64
10 5 20 10 1 110 arrival -7 -10 23 86
10 5 20 10 1 110 arrival 7 6 38 71
10 5 20 10 1 110 arrival -13 5 32 77
10 5 20 10 1 110 arrival -4 5 1 108
10 5 20 10 1 111 arrival -14 -9 34 76
10 5 20 10 1 111 arrival 9 0 34 76
10 5 20 10 1 111 arrival -4 -10 33 77
10 5 20 10 1 111 arrival -12 6 27 83
10 5 20 10 1 111 arrival 8 3 15 95
10 5 20 10 1 111 arrival -6 6 30 80
10 5 20 10 1 111 arrival 9 16 36 74
10 5 20 10 1 111 arrival -15 4 26 84
10 5 20 10 1 112 arrival 6 -4 11 100
10 5 20 10 1 112 arrival -9 8 30 81
10 5 20 10 1 112 arrival -16 -6 6 105
10 5 20 10 1 112 arrival -2 8 35 76
10 5 20 10 1 112 arrival 16 3 49 62
10 5 20 10 1 112 arrival -8 9 17 94
10 5 20 10 1 112 arrival 8 -2 10 101
10 5 20 10 1 113 arrival 16 -1 6 106
10 5 20 10 1 113 arrival 14 5 17 95
10 5 20 10 1 113 arrival 6 -5 26 86
10 5 20 10 1 113 arrival 9 5 19 93
10 5 20 10 1 113 arrival -7 -11 13 99
10 5 20 10 1 113 arrival 1 9 27 85
10 5 20 10 1 113 arrival -14 5 33 79
10 5 20 10 1 113 arrival 16 4 8 104
10 5 20 10 1 113 arrival -1 -9 8 104
10 5 20 10 1 113 arrival 12 5 37 75
10 5 20 10 1 113 arrival 7 14 49 63
10 5 20 10 1 113 arrival -3 8 4 108
10 5 20 10 1 114 arrival 7 8 44 69
10 5 20 10 1 114 arrival -8 -12 17 96
10 5 20 10 1 114 arrival -11 -12 29 84
10 5 20 10 1 114 arrival 4 -7 12 101
10 5 20 10 1 114 arrival 1 -9 22 91
10 5 20 10 1 114 arrival 10 4 12 101
10 5 20 10 1 114 arrival 6 9 24 89
10 5 20 10 1 114 arrival 15 -3 18 95
10 5 20 10 1 114 arrival 3 -7 29 84
10 5 20 10 1 114 arrival 5 8 3 110
10 5 20 10 1 114 arrival 2 8 40 73
10 5 20 10 1 114 arrival 9 2 36 77
10 5 20 10 1 114 arrival 8 4 37 76
10 5 20 10 1 114 arrival -1 8 7 106
10 5 20 10 1 114 arrival -5 -11 41 72
10 5 20 10 1 115 arrival -4 4 26 88
10 5 20 10 1 115 arrival 1 -8 34 80
10 5 20 10 1 115 arrival 2 -6 38 76
10 5 20 10 1 115 arrival 9 4 16 98
10 5 20 10 1 115 arrival -11 -13 8 106
10 5 20 10 1 115 arrival 14 16 46 68
10 5 20 10 1 115 arrival -13 -10 37 77
10 5 20 10 1 115 arrival 7 15 15 99
10 5 20 10 1 115 arrival 15 2 21 93
10 5 20 10 1 115 arrival 7 -3 39 75
10 5 20 10 1 115 arrival -2 -9 19 95
10 5 20 10 1 116 arrival 11 -16 42 73
10 5 20 10 1 116 arrival 9 3 46 69
10 5 20 10 1 116 arrival -4 6 49 66
10 5 20 10 1 116 arrival 16 7 5 110
10 5 20 10 1 116 arrival 7 16 19 96
10 5 20 10 1 116 arrival 14 -16 3 112
10 5 20 10 1 116 arrival 6 11 37 78
10 5 20 10 1 116 arrival 6 14 33 82
10 5 20 10 1 116 arrival -13 -11 3 112
10 5 20 10 1 117 arrival 5 14 17 99
10 5 20 10 1 117 arrival 16 -5 8 108
10 5 20 10 1 117 arrival 8 16 16 100
10 5 20 10 1 117 arrival -3 -9 41 75
10 5 20 10 1 117 arrival -5 6 28 88
10 5 20 10 1 117 arrival 16 8 36 80
10 5 20 10 1 117 arrival -13 6 3 113
10 5 20 10 1 117 arrival 15 1 44 72
10 5 20 10 1 117 arrival -14 -11 13 103
10 5 20 10 1 118 arrival -15 5 12 105
10 5 20 10 1 118 arrival -7 8 48 69
10 5 20 10 1 118 arrival 9 -16 44 73
10 5 20 10 1 118 arrival -4 7 26 91
10 5 20 10 1 118 arrival -6 -11 14 103
10 5 20 10 1 118 arrival 9 -1 41 76
10 5 20 10 1 118 arrival -11 8 33 84
10 5 20 10 1 118 arrival 6 10 25 92
10 5 20 10 1 118 arrival -4 -11 13 104
10 5 20 10 1 118 arrival -15 -9 4 113
10 5 20 10 1 119 arrival -5 7 18 100
10 5 20 10 1 119 arrival -9 9 16 102
10 5 20 10 1 119 arrival -15 6 47 71
10 5 20 10 1 119 arrival 8 -3 13 105
10 5 20 10 1 119 arrival -14 6 28 90
10 5 20 10 1 119 arrival 10 3 48 70
10 5 20 10 1 119 arrival 15 3 49 69
10 5 20 10 1 119 arrival -2 9 42 76
10 5 20 10 1 119 arrival 16 -6 11 107
10 5 20 10 1 119 arrival 7 -4 25 93
10 5 20 10 1 120 arrival 15 5 4 115
10 5 20 10 1 120 arrival 2 9 6 113
10 5 20 10 1 120 arrival 15 -1 48 71
10 5 20 10 1 120 arrival 7 -5 40 79
10 5 20 10 1 120 arrival 13 5 17 102
10 5 20 10 1 120 arrival -4 8 4 115
10 5 20 10 1 120 arrival -1 -10 21 98
10 5 20 10 1 120 arrival -7 -12 23 96
10 5 20 10 1 120 arrival 15 4 12 107
10 5 20 10 1 120 arrival -15 -8 45 74
10 5 20 10 1 121 arrival 3 9 8 112
10 5 20 10 1 121 arrival -14 7 44 76
10 5 20 10 1 121 arrival 1 -10 39 81
10 5 20 10 1 121 arrival 3 -8 22 98
10 5 20 10 1 121 arrival 4 8 17 103
10 5 20 10 1 121 arrival -1 9 27 93
10 5 20 10 1 121 arrival -8 -13 31 89
10 5 20 10 1 121 arrival -5 -12 7 113
10 5 20 10 1 121 arrival 0 8 40 80
10 5 20 10 1 121 arrival -12 -12 30 90
10 5 20 10 1 121 arrival 10 2 14 106
10 5 20 10 1 121 arrival 5 9 44 76
10 5 20 10 1 121 arrival 14 -3 15 105
10 5 20 10 1 122 arrival -9 -13 48 73
10 5 20 10 1 122 arrival 2 10 34 87
10 5 20 10 1 122 arrival 5 10 41 80
10 5 20 10 1 122 arrival -14 -10 28 93
10 5 20 10 1 122 arrival -11 -14 16 105
10 5 20 10 1 122 arrival -2 -10 12 109
10 5 20 10 1 122 arrival 14 15 7 114
10 5 20 10 1 122 arrival 11 4 41 80
10 5 20 10 1 122 arrival 14 2 32 89
10 5 20 10 1 122 arrival -5 4 4 117
10 5 20 10 1 123 arrival 6 15 26 96
10 5 20 10 1 123 arrival 7 -16 27 95
10 5 20 10 1 123 arrival -3 -10 16 106
10 5 20 10 1 123 arrival 3 -9 24 98
10 5 20 10 1 123 arrival 16 6 9 113
10 5 20 10 1 123 arrival 12 -16 10 112
10 5 20 10 1 123 arrival -16 -8 40 82
10 5 20 10 1 123 arrival 5 11 35 87
10 5 20 10 1 123 arrival -13 -12 38 84
10 5 20 10 1 124 arrival 5 15 33 90
10 5 20 10 1 124 arrival 5 -6 39 84
10 5 20 10 1 124 arrival -5 5 36 87
10 5 20 10 1 124 arrival 8 -16 16 107
10 5 20 10 1 124 arrival 9 -2 49 74
10 5 20 10 1 124 arrival 4 9 20 103
10 5 20 10 1 124 arrival 15 0 20 103
10 5 20 10 1 124 arrival -16 8 9 114
10 5 20 10 1 124 arrival 10 1 21 102
10 5 20 10 1 124 arrival 15 -5 12 111
10 5 20 10 1 124 arrival -14 -12 15 108
10 5 20 10 1 124 arrival 15 15 15 108
10 5 20 10 1 125 arrival -12 8 17 107
10 5 20 10 1 125 arrival -6 -12 18 106
10 5 20 10 1 125 arrival -16 -9 7 117
10 5 20 10 1 125 arrival 15 10 14 110
10 5 20 10 1 125 arrival -7 9 20 104
10 5 20 10 1 125 arrival 9 -15 48 76
10 5 20 10 1 125 arrival -4 -12 18 106
10 5 20 10 1 125 arrival 10 -1 47 77
10 5 20 10 1 125 arrival -13 8 43 81
10 5 20 10 1 125 arrival -16 5 48 76
10 5 20 10 1 125 arrival 0 -10 34 90
10 5 20 10 1 126 arrival 8 -4 42 83
10 5 20 10 1 126 arrival -5 8 28 97
10 5 20 10 1 126 arrival -4 9 5 120
10 5 20 10 1 126 arrival 14 3 41 84
10 5 20 10 1 126 arrival 16 -7 24 101
10 5 20 10 1 126 arrival -16 6 9 116
10 5 20 10 1 126 arrival -2 10 21 104
10 5 20 10 1 126 arrival 10 -16 49 76
10 5 20 10 1 126 arrival -9 10 16 109
10 5 20 10 1 126 arrival 9 -3 19 106
10 5 20 10 1 127 arrival -14 8 20 106
10 5 20 10 1 127 arrival -5 9 24 102
10 5 20 10 1 127 arrival -10 9 40 86
10 5 20 10 1 127 arrival -7 -13 16 110
10 5 20 10 1 127 arrival 14 13 21 105
10 5 20 10 1 127 arrival -16 -7 23 103
10 5 20 10 1 127 arrival 13 4 41 85
10 5 20 10 1 127 arrival 14 -1 33 93
10 5 20 10 1 127 arrival 16 5 18 108
10 5 20 10 1 127 arrival 14 4 42 84
10 5 20 10 1 127 arrival 8 -5 35 91
10 5 20 10 1 128 arrival 3 10 49 78
10 5 20 10 1 128 arrival 4 -8 32 95
10 5 20 10 1 128 arrival 11 2 25 102
10 5 20 10 1 128 arrival -15 -10 36 91
10 5 20 10 1 128 arrival -8 -14 28 99
10 5 20 10 1 128 arrival -5 -13 10 117
10 5 20 10 1 128 arrival 15 6 20 107
10 5 20 10 1 128 arrival 1 -11 33 94
10 5 20 10 1 128 arrival -2 -11 37 90
10 5 20 10 1 128 arrival -15 7 47 80
10 5 20 10 1 128 arrival -12 -13 27 100
10 5 20 10 1 128 arrival 13 -3 13 114
10 5 20 10 1 128 arrival 0 9 16 111
10 5 20 10 1 129 arrival 11 3 17 111
10 5 20 10 1 129 arrival -3 -11 28 100
10 5 20 10 1 129 arrival 5 -7 37 91
10 5 20 10 1 129 arrival -10 -13 31 97
10 5 20 10 1 129 arrival 0 10 24 104
10 5 20 10 1 129 arrival 14 1 10 118
10 5 20 10 1 129 arrival -9 -14 11 117
10 5 20 10 1 129 arrival 2 -10 45 83
10 5 20 10 1 129 arrival 14 0 8 120
10 5 20 10 1 129 arrival 0 -11 39 89
10 5 20 10 1 129 arrival 4 10 33 95
10 5 20 10 1 129 arrival -10 -14 2 126
10 5 20 10 1 129 arrival 2 11 2 126
10 5 20 10 1 130 arrival 12 -15 32 97
10 5 20 10 1 130 arrival 3 11 49 80
10 5 20 10 1 130 arrival 6 -16 4 125
10 5 20 10 1 130 arrival 6 16 49 80
10 5 20 10 1 130 arrival 5 12 43 86
10 5 20 10 1 130 arrival 11 0 9 120
10 5 20 10 1 130 arrival 12 3 7 122
10 5 20 10 1 130 arrival 4 11 22 107
10 5 20 10 1 130 arrival 6 -6 41 88
10 5 20 10 1 130 arrival 16 -8 7 122
10 5 20 10 1 130 arrival -15 -11 36 93
10 5 20 10 1 131 arrival -10 -15 23 107
10 5 20 10 1 131 arrival 8 -15 35 95
10 5 20 10 1 131 arrival 14 -5 6 124
10 5 20 10 1 131 arrival -16 7 16 114
10 5 20 10 1 131 arrival 5 16 15 115
10 5 20 10 1 131 arrival 16 15 2 128
10 5 20 10 1 131 arrival 10 -2 44 86
10 5 20 10 1 131 arrival 13 -15 21 109
10 5 20 10 1 131 arrival 15 -2 33 97
10 5 20 10 1 132 arrival -6 9 39 92
10 5 20 10 1 132 arrival 16 -9 20 111
10 5 20 10 1 132 arrival -12 9 44 87
10 5 20 10 1 132 arrival 3 12 10 121
10 5 20 10 1 132 arrival -13 9 47 84
10 5 20 10 1 132 arrival -6 -13 33 98
10 5 20 10 1 132 arrival -7 10 6 125
10 5 20 10 1 132 arrival 15 -4 35 96
10 5 20 10 1 132 arrival 10 -15 44 87
10 5 20 10 1 132 arrival 14 -15 2 129
10 5 20 10 1 132 arrival -4 -13 2 129
10 5 20 10 1 133 arrival 11 1 27 105
10 5 20 10 1 133 arrival 13 3 27 105
10 5 20 10 1 133 arrival -4 10 20 112
10 5 20 10 1 133 arrival -9 11 1 131
10 5 20 10 1 133 arrival -12 -14 14 118
10 5 20 10 1 133 arrival 9 -4 19 113
10 5 20 10 1 133 arrival 15 -7 42 90
10 5 20 10 1 133 arrival 11 -2 3 129
10 5 20 10 1 134 arrival 4 13 30 103
10 5 20 10 1 134 arrival -11 9 39 94
10 5 20 10 1 134 arrival -14 9 13 120
10 5 20 10 1 134 arrival 14 14 31 102
10 5 20 10 1 134 arrival -7 -14 42 91
10 5 20 10 1 134 arrival -6 10 43 90
10 5 20 10 1 134 arrival -8 10 37 96
10 5 20 10 1 134 arrival 13 -1 10 123
10 5 20 10 1 134 arrival 6 -7 40 93
10 5 20 10 1 134 arrival 16 12 7 126
10 5 20 10 1 135 arrival 13 1 4 130
10 5 20 10 1 135 arrival -5 -14 24 110
10 5 20 10 1 135 arrival 13 2 30 104
10 5 20 10 1 135 arrival -16 -10 47 87
10 5 20 10 1 135 arrival 13 -2 18 116
10 5 20 10 1 135 arrival 1 10 25 109
10 5 20 10 1 135 arrival -8 -15 40 94
10 5 20 10 1 135 arrival -15 8 45 89
10 5 20 10 1 135 arrival 2 -11 28 106
10 5 20 10 1 135 arrival 10 -4 14 120
10 5 20 10 1 135 arrival -3 9 48 86
10 5 20 10 1 135 arrival -13 -13 31 103
10 5 20 10 1 136 arrival 0 11 13 122
10 5 20 10 1 136 arrival 7 -6 44 91
10 5 20 10 1 136 arrival 5 -8 45 90
10 5 20 10 1 136 arrival 3 -10 1 134
10 5 20 10 1 136 arrival 13 0 31 104
10 5 20 10 1 136 arrival 7 -15 20 115
10 5 20 10 1 136 arrival -3 10 21 114
10 5 20 10 1 136 arrival -3 -12 41 94
10 5 20 10 1 136 arrival -9 -15 32 103
10 5 20 10 1 136 arrival 0 -12 9 126
10 5 20 10 1 136 arrival 1 11 5 130
10 5 20 10 1 136 arrival -15 9 48 87
10 5 20 10 1 136 arrival -5 10 14 121
10 5 20 10 1 137 arrival -3 11 35 101
10 5 20 10 1 137 arrival 15 16 44 92
10 5 20 10 1 137 arrival 15 -8 36 100
10 5 20 10 1 137 arrival -15 -12 9 127
10 5 20 10 1 137 arrival 14 -4 31 105
10 5 20 10 1 137 arrival 6 -15 7 129
10 5 20 10 1 137 arrival 12 0 47 89
10 5 20 10 1 138 arrival 16 16 6 131
10 5 20 10 1 138 arrival -6 -14 9 128
10 5 20 10 1 138 arrival 7 -7 5 132
10 5 20 10 1 138 arrival 6 -8 3 134
10 5 20 10 1 138 arrival 13 -14 30 107
10 5 20 10 1 138 arrival 4 16 38 99
10 5 20 10 1 138 arrival 10 -3 31 106
10 5 20 10 1 138 arrival 15 -16 1 136
10 5 20 10 1 138 arrival 14 -2 34 103
10 5 20 10 1 138 arrival -11 -15 15 122
10 5 20 10 1 138 arrival -10 10 49 88
10 5 20 10 1 138 arrival 8 -14 41 96
10 5 20 10 1 138 arrival 13 -5 10 127
10 5 20 10 1 138 arrival 11 -15 46 91
10 5 20 10 1 139 arrival 14 -14 31 107
10 5 20 10 1 139 arrival 16 9 31 107
10 5 20 10 1 139 arrival -13 -14 14 124
10 5 20 10 1 139 arrival 3 16 14 124
10 5 20 10 1 139 arrival -4 -14 19 119
10 5 20 10 1 139 arrival 11 -3 12 126
10 5 20 10 1 139 arrival -12 10 34 104
10 5 20 10 1 139 arrival 2 12 30 108
10 5 20 10 1 139 arrival -3 -13 47 91
10 5 20 10 1 139 arrival -13 10 21 117
10 5 20 10 1 139 arrival 10 -14 41 97
10 5 20 10 1 139 arrival 16 -10 15 123
10 5 20 10 1 139 arrival -7 11 46 92
10 5 20 10 1 139 arrival 4 14 46 92
10 5 20 10 1 140 arrival 5 -16 42 97
10 5 20 10 1 140 arrival -4 11 43 96
10 5 20 10 1 140 arrival 15 -10 12 127
10 5 20 10 1 140 arrival -9 12 8 131
10 5 20 10 1 140 arrival -1 -12 35 104
10 5 20 10 1 140 arrival -10 -16 39 100
10 5 20 10 1 140 arrival -12 -15 20 119
10 5 20 10 1 140 arrival 12 -2 46 93
10 5 20 10 1 140 arrival 15 -6 46 93
10 5 20 10 1 141 arrival -11 10 35 105
10 5 20 10 1 141 arrival -8 11 38 102
10 5 20 10 1 141 arrival 12 -1 26 114
10 5 20 10 1 141 arrival -7 -15 38 102
10 5 20 10 1 141 arrival -14 10 18 122
10 5 20 10 1 141 arrival 3 13 32 108
10 5 20 10 1 141 arrival -16 12 42 98
10 5 20 10 1 142 arrival -5 -15 39 102
10 5 20 10 1 142 arrival 10 -5 9 132
10 5 20 10 1 142 arrival 2 -12 45 96
10 5 20 10 1 142 arrival 3 14 26 115
10 5 20 10 1 142 arrival -14 -13 16 125
10 5 20 10 1 142 arrival -8 -16 1 140
10 5 20 10 1 142 arrival -1 10 17 124
10 5 20 10 1 142 arrival -4 -15 10 131
10 5 20 10 1 142 arrival -16 -11 46 95
10 5 20 10 1 143 arrival 9 -5 20 122
10 5 20 10 1 143 arrival 1 12 48 94
10 5 20 10 1 143 arrival 8 -6 22 120
10 5 20 10 1 143 arrival 0 -13 24 118
10 5 20 10 1 143 arrival 4 -10 12 130
10 5 20 10 1 143 arrival 5 -9 16 126
10 5 20 10 1 143 arrival -10 11 25 117
10 5 20 10 1 143 arrival -9 -16 43 99
10 5 20 10 1 144 arrival -16 10 21 122
10 5 20 10 1 144 arrival -2 11 11 132
10 5 20 10 1 144 arrival -1 11 31 112
10 5 20 10 1 144 arrival -15 -13 11 132
10 5 20 10 1 144 arrival 6 -14 14 129
10 5 20 10 1 144 arrival 14 -8 13 130
10 5 20 10 1 144 arrival 0 12 30 113
10 5 20 10 1 144 arrival 4 -9 30 113
10 5 20 10 1 144 arrival -3 -14 32 111
10 5 20 10 1 144 arrival 13 -4 31 112
10 5 20 10 1 144 arrival 9 -6 24 119
10 5 20 10 1 145 arrival 12 -5 36 108
10 5 20 10 1 145 arrival -11 -16 1 143
10 5 20 10 1 145 arrival 16 -16 25 119
10 5 20 10 1 145 arrival 8 -7 4 140
10 5 20 10 1 145 arrival 7 -8 18 126
10 5 20 10 1 145 arrival -16 16 23 121
10 5 20 10 1 145 arrival 13 -13 35 109
10 5 20 10 1 145 arrival 8 -13 17 127
10 5 20 10 1 145 arrival 11 -14 31 113
10 5 20 10 1 146 arrival -16 -16 15 130
10 5 20 10 1 146 arrival 12 -3 37 108
10 5 20 10 1 146 arrival 2 13 45 100
10 5 20 10 1 146 arrival 12 -14 43 102
10 5 20 10 1 146 arrival 4 15 32 113
10 5 20 10 1 146 arrival -13 11 49 96
10 5 20 10 1 146 arrival 16 -11 48 97
10 5 20 10 1 146 arrival -6 11 44 101
10 5 20 10 1 146 arrival -2 -13 40 105
10 5 20 10 1 146 arrival 14 -13 7 138
10 5 20 10 1 146 arrival 11 -4 22 123
10 5 20 10 1 146 arrival 3 15 4 141
10 5 20 10 1 146 arrival -11 11 11 134
10 5 20 10 1 146 arrival -12 11 11 134
10 5 20 10 1 146 arrival 10 -13 22 123
10 5 20 10 1 146 arrival -7 12 43 102
10 5 20 10 1 147 arrival -9 13 4 142
10 5 20 10 1 147 arrival -10 16 12 134
10 5 20 10 1 147 arrival 12 -4 17 129
10 5 20 10 1 147 arrival 15 -11 2 144
10 5 20 10 1 147 arrival -2 -14 21 125
10 5 20 10 1 147 arrival 9 -14 45 101
10 5 20 10 1 147 arrival 5 -15 32 114
10 5 20 10 1 147 arrival -12 -16 2 144
10 5 20 10 1 147 arrival 14 -6 46 100
10 5 20 10 1 147 arrival -14 -14 40 106
10 5 20 10 1 147 arrival -1 -13 22 124
10 5 20 10 1 147 arrival -5 11 16 130
10 5 20 10 1 148 arrival -6 -15 8 139
10 5 20 10 1 148 arrival -15 12 23 124
10 5 20 10 1 148 arrival -14 11 38 109
10 5 20 10 1 148 arrival -8 12 39 108
10 5 20 10 1 149 arrival -16 -12 26 122
10 5 20 10 1 149 arrival -8 16 10 138
10 5 20 10 1 149 arrival 6 -9 33 115
10 5 20 10 1 149 arrival -5 -16 37 111
10 5 20 10 1 149 arrival -3 -15 18 130
10 5 20 10 1 149 arrival 14 -7 47 101
10 5 20 10 1 149 arrival 2 14 9 139
10 5 20 10 1 149 arrival 2 -13 1 147
10 5 20 10 1 149 arrival 11 -5 42 106
10 5 20 10 1 150 arrival 5 -10 29 120
10 5 20 10 1 150 arrival 1 13 25 124
10 5 20 10 1 150 arrival -10 12 22 127
10 5 20 10 1 150 arrival -15 -14 23 126
10 5 20 10 1 150 arrival -7 -16 22 127
10 5 20 10 1 150 arrival -3 -16 17 132
10 5 20 10 1 150 arrival 1 -13 6 143
10 5 20 10 1 150 arrival 4 -16 47 102
10 5 20 10 1 150 arrival 1 -12 39 110
10 5 20 10 1 150 arrival -9 16 1 148
10 5 20 10 1 150 arrival 4 -11 5 144
