10 5 20 10 3 540 3 0 1 1 1 0 0.1443737870951361
10 5 20 10 3 540 15 -8 1 1 1 0 0.39301198353569033
10 5 20 10 3 540 16 16 1 1 1 0 0.13014600319745484
10 5 20 10 3 540 -16 -8 1 1 1 0 0.2849843983842968
10 5 20 10 3 540 -15 -9 1 1 1 0 0.22630872435642443
10 5 20 10 3 540 1 -14 1 1 1 0 0.1684874235539639
10 5 20 10 3 540 -3 6 1 1 0 106 0.25346375857683007
10 5 20 10 3 540 13 -5 1 1 1 0 0.205060469101195
10 5 20 10 3 540 -4 -2 1 0 0 129 0.303125
10 5 20 10 3 540 -2 -3 1 1 0 96 0.16369258498775358
10 5 20 10 3 540 6 -13 1 1 1 0 0.1762580677982314
10 5 20 10 3 540 -6 -12 1 1 1 0 0.27916451193729375
10 5 20 10 3 540 -7 5 1 1 1 0 0.15479599396216204
10 5 20 10 3 540 -4 6 1 1 1 0 0.5157634210456254
10 5 20 10 3 540 16 -9 1 1 1 0 0.2655385372478074
10 5 20 10 3 540 14 -2 1 1 1 0 0.13014524435204758
10 5 20 10 3 540 -8 -6 1 1 0 100 0.15944110096242597
10 5 20 10 3 540 7 4 1 1 1 0 0.5705134163180792
10 5 20 10 3 540 -16 2 1 1 1 0 0.39052006392033795
10 5 20 10 3 540 -1 -8 1 1 1 0 0.20169812037963603
10 5 20 10 3 540 3 5 1 1 1 0 0.12173586802646007
10 5 20 10 3 540 8 -4 1 1 1 0 0.2504223413899638
10 5 20 10 3 540 1 2 1 1 1 0 0.24226934164568306
10 5 20 10 3 540 0 5 1 1 1 0 0.4383516514782783
10 5 20 10 3 540 -9 0 1 1 1 0 0.25314748757373945
10 5 20 10 3 540 -13 -5 1 2 1 0 0.28894606411375934
10 5 20 10 3 540 16 -1 1 2 1 0 0.2976197672432748
10 5 20 10 3 540 -7 -10 1 1 1 0 0.1443737870951361
10 5 20 10 3 540 -3 5 1 2 0 96 0.1896285074606178
10 5 20 10 3 540 3 -5 1 1 1 0 0.12799846143727633
10 5 20 10 3 540 15 -15 1 1 1 0 0.13424683771816223
10 5 20 10 3 540 -12 -7 1 1 1 0 0.4771816384022219
10 5 20 10 3 540 -3 -2 1 1 0 120 0.24780838395878257
10 5 20 10 3 540 14 -9 1 1 1 0 0.188163866104474
10 5 20 10 3 540 -2 -15 1 1 1 0 0.25822538328420536
10 5 20 10 3 540 11 -4 1 1 1 0 0.2276816140432344
10 5 20 10 3 540 -11 16 1 1 1 0 0.19897202122906263
10 5 20 10 3 540 -11 -7 1 2 1 0 0.181753313085883
10 5 20 10 3 540 0 -14 1 1 1 0 0.23168363925701396
10 5 20 10 3 540 4 -1 1 1 1 0 0.20479973175179664
10 5 20 10 3 540 -5 -7 1 1 0 94 0.15893043250097635
10 5 20 10 3 540 -7 -12 1 1 1 0 0.24291184166654756
10 5 20 10 3 540 -8 7 1 1 1 0 0.4716207128837389
10 5 20 10 3 540 16 8 1 1 1 0 0.3026052266053235
10 5 20 10 3 540 16 4 1 1 1 0 0.2098047884753098
10 5 20 10 3 540 -9 6 1 1 1 0 0.14282175689604257
10 5 20 10 3 540 6 15 1 1 1 0 0.6167711969784767
10 5 20 10 3 540 5 -16 1 1 1 0 0.266350287817793
10 5 20 10 3 540 -13 5 1 1 1 0 0.3120180700334566
10 5 20 10 3 540 14 -14 1 1 1 0 0.20741609877257552
10 5 20 10 3 540 -14 -15 1 1 1 0 0.5047622039526172
10 5 20 10 3 540 -7 9 1 1 1 0 0.4404169571088265
10 5 20 10 3 540 -12 -9 1 1 1 0 0.5730177393953684
10 5 20 10 3 540 -14 12 1 1 1 0 0.09999548875994484
10 5 20 10 3 540 -9 12 1 1 1 0 0.45201215998979316
10 5 20 10 3 540 -2 8 1 1 0 108 0.26221713678937153
10 5 20 10 3 540 15 8 1 1 1 0 0.48514761954704005
10 5 20 10 3 540 -14 -3 1 1 1 0 0.35460285073147385
10 5 20 10 3 540 7 -15 1 2 1 0 0.32688811307267746
10 5 20 10 3 540 1 15 1 1 1 0 0.5705559428117686
10 5 20 10 3 540 16 -16 1 1 1 0 0.13127077982909127
10 5 20 10 3 540 6 4 1 1 1 0 0.31372940059314336
10 5 20 10 3 540 -8 3 1 1 1 0 0.14292611520799717
10 5 20 10 3 540 12 -13 1 1 1 0 0.2123317647750417
10 5 20 10 3 540 -10 10 1 1 1 0 0.2665288443113922
10 5 20 10 3 540 -3 -9 1 1 1 0 0.17461900922254275
10 5 20 10 3 540 3 -10 1 1 1 0 0.12349857454121256
10 5 20 10 3 540 8 2 1 2 1 0 0.1650229875770875
10 5 20 10 3 540 -8 -4 1 1 0 138 0.49999999999999994
10 5 20 10 3 540 16 -12 1 1 1 0 0.2666832143546392
10 5 20 10 3 540 -2 -10 1 1 1 0 0.11732566728084279
10 5 20 10 3 540 1 8 1 1 1 0 0.17663756418792775
10 5 20 10 3 540 -7 -7 1 1 0 94 0.1351253444620222
10 5 20 10 3 540 11 -15 1 1 1 0 0.27289121253012244
10 5 20 10 3 540 -2 -6 1 1 1 0 0.33032525099945387
10 5 20 10 3 540 -15 16 1 1 1 0 0.540806216769507
10 5 20 10 3 540 -9 -4 1 1 0 128 0.4457366180800892
10 5 20 10 3 540 2 -15 1 1 1 0 0.15974240410928486
10 5 20 10 3 540 1 6 1 1 1 0 0.15168513937170602
10 5 20 10 3 540 6 3 1 1 1 0 0.2532826596361767
10 5 20 10 3 540 2 11 1 1 0 89 0.1458238296579949
10 5 20 10 3 540 5 -9 1 1 1 0 0.11826595593783691
10 5 20 10 3 540 7 -12 1 1 1 0 0.23286532720432782
10 5 20 10 3 540 -2 -16 1 1 1 0 0.25100519320005166
10 5 20 10 3 540 -1 6 1 1 1 0 0.4963275932808237
10 5 20 10 3 540 -13 -16 1 1 1 0 0.11184977821582373
10 5 20 10 3 540 2 -10 1 1 1 0 0.09130015820362693
10 5 20 10 3 540 3 15 1 1 1 0 0.3132029321710149
10 5 20 10 3 540 -9 -13 1 1 1 0 0.12606502223181204
10 5 20 10 3 540 11 0 1 1 1 0 0.1887511624430096
10 5 20 10 3 540 -2 16 1 1 1 0 0.14209495120554963
10 5 20 10 3 540 14 -6 1 1 1 0 0.11848371326447071
10 5 20 10 3 540 -7 3 1 2 1 0 0.453214811601772
10 5 20 10 3 540 5 14 1 2 1 0 0.34345521785248434
10 5 20 10 3 540 -2 -8 1 1 1 0 0.5683095706198413
10 5 20 10 3 540 -4 -11 1 1 1 0 0.2763488973802411
10 5 20 10 3 540 -1 14 1 1 1 0 0.1671267780973655
10 5 20 10 3 540 8 -3 1 1 1 0 0.3613098411285571
10 5 20 10 3 540 4 8 1 1 1 0 0.4879064414736735
10 5 20 10 3 540 -12 12 1 1 1 0 0.0890724120531477
10 5 20 10 3 540 -3 0 1 1 1 0 0.18297744865894175
10 5 20 10 3 540 -12 11 1 1 1 0 0.19999322070168296
10 5 20 10 3 540 -16 5 1 1 1 0 0.34096637039392
10 5 20 10 3 540 12 -12 1 1 1 0 0.3951024309720889
10 5 20 10 3 540 12 -2 1 1 1 0 0.43864415610168356
10 5 20 10 3 540 -16 -5 1 1 1 0 0.22312963827607915
10 5 20 10 3 540 -15 14 1 1 1 0 0.15523315989233474
10 5 20 10 3 540 -5 9 1 1 1 0 0.2594380901885107
10 5 20 10 3 540 15 -6 1 1 1 0 0.23520745678365254
10 5 20 10 3 540 0 -2 1 1 0 109 0.2455656896446542
10 5 20 10 3 540 -2 10 1 1 0 101 0.16410916428749273
10 5 20 10 3 540 6 -8 1 1 1 0 0.20054290461790647
10 5 20 10 3 540 9 -11 1 1 1 0 0.1505260671917908
10 5 20 10 3 540 -15 6 1 2 1 0 0.4191841507635699
10 5 20 10 3 540 11 -3 1 1 1 0 0.188163866104474
10 5 20 10 3 540 -14 10 1 1 1 0 0.42582275674365855
10 5 20 10 3 540 -1 7 1 1 1 0 0.5153545928447231
10 5 20 10 3 540 8 -11 1 1 1 0 0.3401226594780036
10 5 20 10 3 540 -6 -9 1 1 1 0 0.15774267647479445
10 5 20 10 3 540 4 -16 1 1 1 0 0.3749167724173687
10 5 20 10 3 540 8 3 1 1 1 0 0.3781911175128666
10 5 20 10 3 540 -4 8 1 1 1 0 0.37079505700256865
10 5 20 10 3 540 -1 10 1 1 0 125 0.3855174465301133
10 5 20 10 3 540 2 -12 1 1 1 0 0.1132783899835225
10 5 20 10 3 540 -3 -1 1 2 0 142 0.5590467705849332
10 5 20 10 3 540 -14 6 1 1 1 0 0.2230425137664933
10 5 20 10 3 540 14 11 1 1 1 0 0.4027515350920477
10 5 20 10 3 540 -4 9 1 1 1 0 0.3976723371460519
10 5 20 10 3 540 -5 10 1 1 1 0 0.14403223028614542
10 5 20 10 3 540 6 -4 1 1 1 0 0.2646936512137947
10 5 20 10 3 540 -16 -2 1 1 1 0 0.18972799194954937
10 5 20 10 3 540 -14 14 1 1 1 0 0.1249049927165749
10 5 20 10 3 540 1 1 1 1 0 85 0.13784508357302416
10 5 20 10 3 540 7 6 1 1 1 0 0.25395139853642923
10 5 20 10 3 540 1 5 1 1 1 0 0.3890584220849278
10 5 20 10 3 540 -14 -9 1 1 1 0 0.1994589609886098
10 5 20 10 3 540 -13 10 1 1 1 0 0.46446784984428585
10 5 20 10 3 540 -9 11 1 1 1 0 0.3453932070460273
10 5 20 10 3 540 -12 10 1 1 1 0 0.1308714056049932
10 5 20 10 3 540 9 8 1 1 1 0 0.39807994753020204
10 5 20 10 3 540 6 6 1 1 1 0 0.11520023609341959
10 5 20 10 3 540 -6 1 1 1 0 92 0.13853365983286972
10 5 20 10 3 540 0 15 1 1 1 0 0.14097540945834272
10 5 20 10 3 540 -10 -9 1 1 1 0 0.5133400900336443
10 5 20 10 3 540 2 -7 1 1 1 0 0.13424683771816223
10 5 20 10 3 540 -5 -1 1 1 0 123 0.32305696333091505
10 5 20 10 3 540 1 -3 1 1 1 0 0.5764161170321618
10 5 20 10 3 540 12 15 1 1 1 0 0.35576672873177234
10 5 20 10 3 540 -4 -3 1 0 0 133 0.34835176014471936
10 5 20 10 3 540 0 -7 1 1 1 0 0.15333435212675192
10 5 20 10 3 540 -2 5 1 1 0 122 0.49700974091449546
10 5 20 10 3 540 8 12 1 1 1 0 0.5301958487735109
10 5 20 10 3 540 -11 10 1 1 1 0 0.30869717369637856
10 5 20 10 3 540 2 -1 1 2 1 0 0.13356883340821518
10 5 20 10 3 540 3 2 1 1 1 0 0.2556839374457739
10 5 20 10 3 540 7 13 1 1 1 0 0.1402460798734655
10 5 20 10 3 540 -4 13 1 1 1 0 0.6216870841383969
10 5 20 10 3 540 1 -9 1 1 1 0 0.14093032040141873
10 5 20 10 3 540 -9 1 1 1 1 0 0.33217713491859535
10 5 20 10 3 540 -10 3 1 1 1 0 0.12184379321583211
10 5 20 10 3 540 -6 11 1 1 1 0 0.37765281366560083
10 5 20 10 3 540 12 12 1 1 1 0 0.20668357974168472
10 5 20 10 3 540 -6 -3 1 1 0 129 0.34835176014471936
10 5 20 10 3 540 4 11 1 1 1 0 0.16194826718787597
10 5 20 10 3 540 -15 11 1 1 1 0 0.13437499999999997
10 5 20 10 3 540 9 -15 1 1 1 0 0.5287031264439016
10 5 20 10 3 540 -10 -14 1 1 1 0 0.10116349330505746
10 5 20 10 3 540 -7 -8 1 1 0 126 0.4794462043857306
10 5 20 10 3 540 -4 1 1 1 1 0 0.22567108411451064
10 5 20 10 3 540 10 12 1 1 1 0 0.3861838575710188
10 5 20 10 3 540 -3 4 1 1 1 0 0.2579514796694601
10 5 20 10 3 540 4 7 1 1 1 0 0.4002879898819569
10 5 20 10 3 540 -8 12 1 1 1 0 0.42540069854828355
10 5 20 10 3 540 -10 7 1 1 1 0 0.3105551925269589
10 5 20 10 3 540 -3 1 1 2 0 119 0.3990159446335423
10 5 20 10 3 540 0 -13 1 1 1 0 0.2355422030376806
10 5 20 10 3 540 -9 -11 1 1 1 0 0.2600834047469698
10 5 20 10 3 540 -12 -6 1 1 1 0 0.20754104025336834
10 5 20 10 3 540 -16 7 1 2 1 0 0.4508111829518521
10 5 20 10 3 540 -4 0 1 1 1 0 0.5139825900545089
10 5 20 10 3 540 -11 -5 1 2 0 109 0.3002551418731471
10 5 20 10 3 540 -12 13 1 1 1 0 0.19395383513430114
10 5 20 10 3 540 -5 -3 1 0 0 105 0.14440036160829012
10 5 20 10 3 540 10 -15 1 1 1 0 0.5298453487032163
10 5 20 10 3 540 11 -1 1 1 1 0 0.3166997287937824
10 5 20 10 3 540 16 -13 1 1 1 0 0.0723970595023385
10 5 20 10 3 540 14 10 1 1 1 0 0.10655564910458944
10 5 20 10 3 540 -14 5 1 1 1 0 0.16095199848214264
10 5 20 10 3 540 -4 -6 1 1 0 119 0.3990159446335423
10 5 20 10 3 540 7 3 1 1 1 0 0.12930322265018496
10 5 20 10 3 540 4 12 1 1 1 0 0.3102199724430227
10 5 20 10 3 540 -3 -6 1 1 1 0 0.14497817314094583
10 5 20 10 3 540 11 16 1 1 1 0 0.12718456397901895
10 5 20 10 3 540 16 15 1 1 1 0 0.25406333753239224
10 5 20 10 3 540 9 1 1 1 1 0 0.42348160843905747
10 5 20 10 3 540 -14 3 1 1 1 0 0.4262460356256005
10 5 20 10 3 540 6 5 1 1 1 0 0.42779182137942096
10 5 20 10 3 540 16 14 1 1 1 0 0.3758933812332207
10 5 20 10 3 540 10 -13 1 1 1 0 0.4682006090433465
10 5 20 10 3 540 5 -4 1 1 1 0 0.3540660720640077
10 5 20 10 3 540 6 2 1 1 1 0 0.3375272200164906
10 5 20 10 3 540 11 -11 1 1 1 0 0.4119819040014201
10 5 20 10 3 540 -6 10 1 1 1 0 0.5301958487735109
10 5 20 10 3 540 -1 9 1 1 0 99 0.1466787784735458
10 5 20 10 3 540 5 -2 1 1 1 0 0.4763419820918167
10 5 20 10 3 540 4 1 1 1 1 0 0.37636071466028004
10 5 20 10 3 540 2 -6 1 1 1 0 0.3471882833734966
10 5 20 10 3 540 -3 -16 1 1 1 0 0.30991803444257293
10 5 20 10 3 540 13 14 1 1 1 0 0.5111838987058609
10 5 20 10 3 540 -9 2 1 1 1 0 0.24804361949263365
10 5 20 10 3 540 7 -1 1 1 1 0 0.45613713430863184
10 5 20 10 3 540 11 1 1 1 1 0 0.1939781900999651
10 5 20 10 3 540 12 -14 1 1 1 0 0.15711876945497208
10 5 20 10 3 540 11 -16 1 1 1 0 0.3399972961399294
10 5 20 10 3 540 -3 10 1 1 0 115 0.3338018389028778
10 5 20 10 3 540 -12 -14 1 1 1 0 0.09577681677980347
10 5 20 10 3 540 9 0 1 1 1 0 0.5479754779187432
10 5 20 10 3 540 -8 -5 1 1 0 127 0.31374451194504344
10 5 20 10 3 540 -13 -3 1 1 1 0 0.25140777720065133
10 5 20 10 3 540 -6 -2 1 1 0 93 0.13504873231305103
10 5 20 10 3 540 13 -2 1 1 1 0 0.10026881250980035
10 5 20 10 3 540 14 -7 1 1 1 0 0.16377359028472702
10 5 20 10 3 540 8 9 1 1 1 0 0.27229908730904656
10 5 20 10 3 540 -9 4 1 1 1 0 0.19801969114412477
10 5 20 10 3 540 0 1 1 1 1 0 0.5995397531167773
10 5 20 10 3 540 -6 0 1 1 0 114 0.35799884060821346
10 5 20 10 3 540 -9 -10 1 1 1 0 0.5923951528967185
10 5 20 10 3 540 6 -16 1 1 1 0 0.24100575728772394
10 5 20 10 3 540 9 12 1 1 1 0 0.42064579259898005
10 5 20 10 3 540 -12 14 1 1 1 0 0.10142411922810582
10 5 20 10 3 540 4 -5 1 1 1 0 0.38852976748085905
10 5 20 10 3 540 3 3 1 1 1 0 0.18028925397367354
10 5 20 10 3 540 10 10 1 2 1 0 0.1591378701531597
10 5 20 10 3 540 -13 -15 1 1 1 0 0.24788226446018718
10 5 20 10 3 540 -7 6 1 1 1 0 0.2477526991985557
10 5 20 10 3 540 -5 8 1 1 1 0 0.24365410222395795
10 5 20 10 3 540 3 -2 1 2 1 0 0.23617134328082376
10 5 20 10 3 540 9 -16 1 1 1 0 0.20368019000458973
10 5 20 10 3 540 -6 15 1 1 1 0 0.2598575640482837
10 5 20 10 3 540 12 13 1 1 1 0 0.5943010004131059
10 5 20 10 3 540 16 6 1 1 1 0 0.4096101079126669
10 5 20 10 3 540 -9 3 1 1 1 0 0.12892486991925106
10 5 20 10 3 540 5 -5 1 1 1 0 0.24011315031789962
10 5 20 10 3 540 4 2 1 1 1 0 0.2150164567040757
10 5 20 10 3 540 -8 -11 1 1 1 0 0.3406565265038364
10 5 20 10 3 540 10 -7 1 1 1 0 0.27469252241233905
10 5 20 10 3 540 4 0 1 1 1 0 0.1962259083977193
10 5 20 10 3 540 7 -10 1 1 1 0 0.4436594073340573
10 5 20 10 3 540 -13 -10 1 1 1 0 0.6137478073468952
10 5 20 10 3 540 -12 5 1 1 1 0 0.3122086237626641
10 5 20 10 3 540 -14 0 1 1 1 0 0.2115570170778122
10 5 20 10 3 540 -6 7 1 1 1 0 0.5743895716915967
10 5 20 10 3 540 5 5 1 1 1 0 0.44925539686731164
10 5 20 10 3 540 -3 -15 1 1 1 0 0.1395038193160551
10 5 20 10 3 540 -14 -16 1 1 1 0 0.2994684693185315
10 5 20 10 3 540 2 -3 1 1 1 0 0.39634333310804987
10 5 20 10 3 540 -5 -6 1 1 0 123 0.42935025791951437
10 5 20 10 3 540 -14 4 1 1 1 0 0.2600834047469698
10 5 20 10 3 540 5 -10 1 1 1 0 0.3750939150299162
10 5 20 10 3 540 2 -2 1 2 0 88 0.1497330864942063
10 5 20 10 3 540 5 4 1 1 1 0 0.5274805666640795
10 5 20 10 3 540 8 -15 1 1 1 0 0.17088742075767882
10 5 20 10 3 540 -1 13 1 1 1 0 0.41329702328260703
10 5 20 10 3 540 -10 -8 1 1 1 0 0.14833310979876388
10 5 20 10 3 540 9 -2 1 1 1 0 0.11454981116506915
10 5 20 10 3 540 -16 -4 1 1 1 0 0.22823713123322073
10 5 20 10 3 540 14 4 1 1 1 0 0.4496392178604619
10 5 20 10 3 540 5 3 1 1 1 0 0.10768868371990772
10 5 20 10 3 540 10 -6 1 1 1 0 0.16134350409927659
10 5 20 10 3 540 8 -5 1 2 1 0 0.18850910163468781
10 5 20 10 3 540 3 7 1 1 1 0 0.2763488973802411
10 5 20 10 3 540 -13 7 1 1 1 0 0.24969620792453268
10 5 20 10 3 540 9 -7 1 1 1 0 0.4756792615794316
10 5 20 10 3 540 -16 0 1 1 1 0 0.11895104669153009
10 5 20 10 3 540 -6 8 1 1 1 0 0.18768342649730566
10 5 20 10 3 540 1 -8 1 1 1 0 0.2513621717971972
10 5 20 10 3 540 2 9 1 1 1 0 0.5975534944146018
10 5 20 10 3 540 -12 -1 1 1 1 0 0.4252563548823866
10 5 20 10 3 540 -11 -15 1 1 1 0 0.1713616994450434
10 5 20 10 3 540 1 3 1 1 1 0 0.3540660720640077
10 5 20 10 3 540 -14 -8 1 1 1 0 0.15532369312750272
10 5 20 10 3 540 6 -3 1 1 1 0 0.3066564904090328
10 5 20 10 3 540 -12 2 1 1 1 0 0.14131161768596096
10 5 20 10 3 540 13 -9 1 1 1 0 0.1355935422613776
10 5 20 10 3 540 0 8 1 2 0 112 0.322055245898412
10 5 20 10 3 540 -3 2 1 1 1 0 0.15774267647479445
10 5 20 10 3 540 16 13 1 2 1 0 0.2498413151997532
10 5 20 10 3 540 -5 -2 1 1 0 104 0.1524873915335885
10 5 20 10 3 540 -16 -6 1 1 1 0 0.4093834296273577
10 5 20 10 3 540 2 12 1 1 0 127 0.5996652053323912
10 5 20 10 3 540 2 14 1 1 1 0 0.12477431587924202
10 5 20 10 3 540 -1 -13 1 1 1 0 0.25448531124815554
10 5 20 10 3 540 -14 -10 1 1 1 0 0.4845245083109609
10 5 20 10 3 540 14 -4 1 1 1 0 0.43697961308846345
10 5 20 10 3 540 -6 9 1 1 1 0 0.35460285073147385
10 5 20 10 3 540 -15 0 1 1 1 0 0.12173586802646007
10 5 20 10 3 540 -11 13 1 1 1 0 0.5727411624685584
10 5 20 10 3 540 -7 13 1 1 1 0 0.2882726195470401
10 5 20 10 3 540 -11 -9 1 1 1 0 0.5522441439138746
10 5 20 10 3 540 -2 9 1 1 0 114 0.29069038191363694
10 5 20 10 3 540 6 -5 1 3 1 0 0.14969908783898936
10 5 20 10 3 540 7 16 1 1 1 0 0.2858450546917547
10 5 20 10 3 540 3 -1 1 3 1 0 0.2996004604979792
10 5 20 10 3 540 11 14 1 1 1 0 0.14258937397847987
10 5 20 10 3 540 -13 2 1 1 1 0 0.18674966920230765
10 5 20 10 3 540 -5 4 1 1 1 0 0.18626272944276048
10 5 20 10 3 540 12 -3 1 1 1 0 0.2664683371267762
10 5 20 10 3 540 -14 -1 1 1 1 0 0.21228382276830512
10 5 20 10 3 540 15 -14 1 1 1 0 0.22303466796875
10 5 20 10 3 540 6 0 1 1 1 0 0.3006149301658446
10 5 20 10 3 540 -10 -2 1 1 1 0 0.4429058045673908
10 5 20 10 3 540 -12 -8 1 1 1 0 0.35216373465998185
10 5 20 10 3 540 -1 2 1 1 0 128 0.46233920471828216
10 5 20 10 3 540 -5 6 1 1 1 0 0.15263282764017538
10 5 20 10 3 540 -11 0 1 1 1 0 0.16954111351207682
10 5 20 10 3 540 14 -16 1 1 1 0 0.3180982546385987
10 5 20 10 3 540 15 6 1 2 1 0 0.2596521363372247
10 5 20 10 3 540 -2 7 1 1 0 115 0.2907806826326257
10 5 20 10 3 540 -4 12 1 1 1 0 0.47835648490289545
10 5 20 10 3 540 15 12 1 1 1 0 0.14097540945834272
10 5 20 10 3 540 -3 -11 1 1 1 0 0.23979030735268775
10 5 20 10 3 540 0 13 1 1 1 0 0.251952881468521
10 5 20 10 3 540 -4 -10 1 1 1 0 0.438732177964881
10 5 20 10 3 540 -11 -1 1 1 1 0 0.16526014250344226
10 5 20 10 3 540 16 2 1 1 1 0 0.1341064407983068
10 5 20 10 3 540 -2 -13 1 1 1 0 0.16427046176022841
10 5 20 10 3 540 -7 12 1 1 1 0 0.21372435769875492
10 5 20 10 3 540 -14 8 1 1 1 0 0.23286532720432782
10 5 20 10 3 540 14 14 1 1 1 0 0.12356160897493666
10 5 20 10 3 540 0 14 1 1 1 0 0.2343047076869005
10 5 20 10 3 540 -8 1 1 1 1 0 0.21134976755979978
10 5 20 10 3 540 10 0 1 1 1 0 0.19660688169676738
10 5 20 10 3 540 -9 13 1 1 1 0 0.3041755620190754
10 5 20 10 3 540 -4 -1 1 1 0 91 0.13146785851272472
10 5 20 10 3 540 14 -10 1 1 1 0 0.1239084706981181
10 5 20 10 3 540 -10 -13 1 1 1 0 0.12435945814757553
10 5 20 10 3 540 -11 -10 1 1 1 0 0.5723850525400729
10 5 20 10 3 540 13 13 1 1 1 0 0.4542312867922445
10 5 20 10 3 540 11 -8 1 1 1 0 0.27808069577480543
10 5 20 10 3 540 11 -7 1 1 1 0 0.14813763419761636
10 5 20 10 3 540 -7 10 1 1 1 0 0.5915161790781758
10 5 20 10 3 540 14 -11 1 1 1 0 0.16124442372530745
10 5 20 10 3 540 -14 16 1 1 1 0 0.3974069233692785
10 5 20 10 3 540 -8 2 1 1 1 0 0.2193441503367533
10 5 20 10 3 540 14 1 1 1 1 0 0.26278235585056486
10 5 20 10 3 540 11 3 1 1 1 0 0.31299732973544925
10 5 20 10 3 540 -4 -5 1 1 0 109 0.2712268505573923
10 5 20 10 3 540 12 -6 1 1 1 0 0.2824910110812813
10 5 20 10 3 540 -12 9 1 1 1 0 0.3241860517684552
10 5 20 10 3 540 10 -2 1 1 1 0 0.1223712938405187
10 5 20 10 3 540 -12 15 1 2 1 0 0.11909972901004821
10 5 20 10 3 540 5 1 1 1 1 0 0.2435062360282156
10 5 20 10 3 540 3 -13 1 1 1 0 0.17347965835596016
10 5 20 10 3 540 4 -7 1 1 1 0 0.18772410103681336
10 5 20 10 3 540 -1 -16 1 1 1 0 0.19777774573145063
10 5 20 10 3 540 10 -14 1 1 1 0 0.2915183812332207
10 5 20 10 3 540 14 7 1 1 1 0 0.29949015353420816
10 5 20 10 3 540 14 12 1 1 1 0 0.18011573415366067
10 5 20 10 3 540 -7 11 1 1 1 0 0.2905240728248699
10 5 20 10 3 540 -2 -14 1 1 1 0 0.20911790100632016
10 5 20 10 3 540 15 0 1 1 1 0 0.22744095040020146
10 5 20 10 3 540 -8 0 1 1 1 0 0.2600547203378244
10 5 20 10 3 540 -8 -2 1 1 1 0 0.14101773554009386
10 5 20 10 3 540 11 10 1 1 1 0 0.5326425386685602
10 5 20 10 3 540 5 13 1 1 1 0 0.14072795488911385
10 5 20 10 3 540 8 -7 1 1 1 0 0.24584685168216835
10 5 20 10 3 540 -8 -12 1 1 1 0 0.13033907709122908
10 5 20 10 3 540 -6 3 1 1 1 0 0.3618341967065605
10 5 20 10 3 540 16 -15 1 1 1 0 0.14159904361053988
10 5 20 10 3 540 5 10 1 1 1 0 0.4919819233939051
10 5 20 10 3 540 -7 -6 1 1 0 138 0.4644915983134218
10 5 20 10 3 540 -6 13 1 1 1 0 0.37381958463843024
10 5 20 10 3 540 -7 1 1 1 1 0 0.30864254194174945
10 5 20 10 3 540 -13 4 1 1 1 0 0.42956179304419956
10 5 20 10 3 540 2 13 1 1 1 0 0.4778940122909102
10 5 20 10 3 540 -5 -9 1 2 1 0 0.13327905275723517
10 5 20 10 3 540 -1 -9 1 1 1 0 0.4785003403976418
10 5 20 10 3 540 -13 -9 1 1 1 0 0.15324913937072038
10 5 20 10 3 540 14 -12 1 1 1 0 0.1622758340515163
10 5 20 10 3 540 7 -16 1 1 1 0 0.22312963827607915
10 5 20 10 3 540 10 -4 1 1 1 0 0.10978431172792663
10 5 20 10 3 540 1 -15 1 1 1 0 0.5464458434098032
10 5 20 10 3 540 -8 11 1 1 1 0 0.23100714772527586
10 5 20 10 3 540 1 -1 1 1 1 0 0.20781915306314158
10 5 20 10 3 540 0 3 1 1 1 0 0.28783110622447133
10 5 20 10 3 540 6 7 1 1 1 0 0.13726906649873774
10 5 20 10 3 540 11 11 1 1 1 0 0.499075958409464
10 5 20 10 3 540 7 8 1 1 1 0 0.13778129816055298
10 5 20 10 3 540 -15 -1 1 1 1 0 0.20621624631462535
10 5 20 10 3 540 -14 -12 1 2 1 0 0.37381958463843024
10 5 20 10 3 540 -1 -12 1 1 1 0 0.12376637268957139
10 5 20 10 3 540 12 0 1 1 1 0 0.29054558577267203
10 5 20 10 3 540 -9 -9 1 1 1 0 0.42688853564646495
10 5 20 10 3 540 -1 1 1 1 0 108 0.186649855378118
10 5 20 10 3 540 8 -13 1 2 1 0 0.20662308922304856
10 5 20 10 3 540 0 -6 1 1 1 0 0.20161488437404157
10 5 20 10 3 540 3 -15 1 1 1 0 0.2625682090471684
10 5 20 10 3 540 4 -13 1 1 1 0 0.12541269779582398
10 5 20 10 3 540 6 -2 1 1 1 0 0.353483308984267
10 5 20 10 3 540 12 8 1 1 1 0 0.21319399595637697
10 5 20 10 3 540 16 -2 1 1 1 0 0.12079621467512651
10 5 20 10 3 540 7 -4 1 1 1 0 0.3989066255447937
10 5 20 10 3 540 -11 8 1 1 1 0 0.16134455834157624
10 5 20 10 3 540 15 -11 1 1 1 0 0.1872861803893303
10 5 20 10 3 540 -12 -11 1 1 1 0 0.1271042731420123
10 5 20 10 3 540 -16 -12 1 2 1 0 0.1132783899835225
10 5 20 10 3 540 -12 0 1 1 1 0 0.5939505003428113
10 5 20 10 3 540 13 -6 1 1 1 0 0.22436825831096097
10 5 20 10 3 540 7 1 1 1 1 0 0.26829914359833984
10 5 20 10 3 540 -7 -2 1 1 0 100 0.20204340285136208
10 5 20 10 3 540 1 -4 1 1 1 0 0.21470715378028615
10 5 20 10 3 540 -1 -11 1 1 1 0 0.453214811601772
10 5 20 10 3 540 15 -13 1 1 1 0 0.28071289062499993
10 5 20 10 3 540 3 14 1 1 1 0 0.3929543851849734
10 5 20 10 3 540 -1 5 1 1 1 0 0.3668227467676765
10 5 20 10 3 540 4 -2 1 2 1 0 0.38280061399730564
10 5 20 10 3 540 -9 -5 1 1 0 95 0.13176839124701512
10 5 20 10 3 540 6 1 1 1 1 0 0.2754269671888335
10 5 20 10 3 540 -4 7 1 1 1 0 0.14910476546539225
10 5 20 10 3 540 13 12 1 1 1 0 0.32265839309245525
10 5 20 10 3 540 14 -13 1 1 1 0 0.11899442256166304
10 5 20 10 3 540 4 13 1 1 1 0 0.1302039852903639
10 5 20 10 3 540 10 -10 1 3 1 0 0.2733043377169006
10 5 20 10 3 540 12 10 1 1 1 0 0.19089995704093954
10 5 20 10 3 540 -13 -11 1 1 1 0 0.5027543876449753
10 5 20 10 3 540 12 -9 1 1 1 0 0.16024562346174487
10 5 20 10 3 540 12 -15 1 1 1 0 0.4496392178604619
10 5 20 10 3 540 -12 -5 1 1 1 0 0.18282337787564754
10 5 20 10 3 540 3 -3 1 3 1 0 0.269937342606069
10 5 20 10 3 540 -13 9 1 2 1 0 0.1098462526347811
10 5 20 10 3 540 14 -15 1 1 1 0 0.13694647755624684
10 5 20 10 3 540 -9 -6 1 1 0 109 0.22288108956858815
10 5 20 10 3 540 0 4 1 1 1 0 0.2439819064563121
10 5 20 10 3 540 6 16 1 1 1 0 0.18890559258773942
10 5 20 10 3 540 0 -10 1 1 1 0 0.13764553174019456
10 5 20 10 3 540 0 -16 1 2 1 0 0.32726863955928015
10 5 20 10 3 540 10 14 1 1 1 0 0.6171364017981371
10 5 20 10 3 540 -2 0 1 1 0 98 0.1334504119826114
10 5 20 10 3 540 -4 11 1 1 1 0 0.26024393824959036
10 5 20 10 3 540 4 -9 1 1 1 0 0.4044238492899843
10 5 20 10 3 540 -9 -12 1 1 1 0 0.19958231126597836
10 5 20 10 3 540 -12 6 1 1 1 0 0.15906591257754676
10 5 20 10 3 540 1 -13 1 2 1 0 0.14530129038316322
10 5 20 10 3 540 -1 -15 1 2 1 0 0.15052126137140756
10 5 20 10 3 540 15 16 1 1 1 0 0.434672765080427
10 5 20 10 3 540 14 -3 1 1 1 0 0.32081056489902393
10 5 20 10 3 540 -11 11 1 1 1 0 0.2094261567853763
10 5 20 10 3 540 4 3 1 1 1 0 0.12184379321583211
10 5 20 10 3 540 15 3 1 1 1 0 0.3752551173436847
10 5 20 10 3 540 16 9 1 2 1 0 0.20529415452472688
10 5 20 10 3 540 -12 -15 1 1 1 0 0.09913795163735648
10 5 20 10 3 540 7 -8 1 1 1 0 0.14264020519918938
10 5 20 10 3 540 -13 3 1 1 1 0 0.16103873700964694
10 5 20 10 3 540 9 -4 1 1 1 0 0.1213654199088209
10 5 20 10 3 540 8 0 1 1 1 0 0.29394133800776356
10 5 20 10 3 540 -10 11 1 2 1 0 0.20873889833670622
10 5 20 10 3 540 5 16 1 2 1 0 0.4191841507635699
10 5 20 10 3 540 5 6 1 1 1 0 0.24927861465147966
10 5 20 10 3 540 -4 -4 1 0 0 119 0.21782286508140464
10 5 20 10 3 540 5 -8 1 1 1 0 0.2799564031193598
10 5 20 10 3 540 13 7 1 1 1 0 0.523841128029769
10 5 20 10 3 540 -2 1 1 1 0 107 0.2090830262855024
10 5 20 10 3 540 3 -14 1 1 1 0 0.23797800924488288
10 5 20 10 3 540 4 16 1 1 1 0 0.5074283411535332
10 5 20 10 3 540 -12 8 1 1 1 0 0.1585947036743164
10 5 20 10 3 540 14 0 1 1 1 0 0.12195656729276894
10 5 20 10 3 540 -9 -3 1 1 0 88 0.1497330864942063
10 5 20 10 3 540 -13 -14 1 1 1 0 0.35634498556028804
10 5 20 10 3 540 7 11 1 1 1 0 0.4417887894050547
10 5 20 10 3 540 -10 2 1 1 1 0 0.10582495328052144
10 5 20 10 3 540 -11 12 1 2 1 0 0.30685579797836254
10 5 20 10 3 540 10 15 1 1 1 0 0.4934712769436866
10 5 20 10 3 540 -5 -8 1 1 0 87 0.14961753340673564
10 5 20 10 3 540 -5 2 1 1 1 0 0.33936903913270816
10 5 20 10 3 540 6 -11 1 1 1 0 0.07688371045297393
10 5 20 10 3 540 -10 -3 1 1 1 0 0.17747532555967985
10 5 20 10 3 540 -5 -10 1 1 1 0 0.23551518107700337
10 5 20 10 3 540 -3 -8 1 1 1 0 0.44153649885603335
10 5 20 10 3 540 -10 1 1 1 1 0 0.17284396268453014
10 5 20 10 3 540 3 -6 1 2 1 0 0.1852267061898881
10 5 20 10 3 540 9 7 1 1 1 0 0.12208594429591069
10 5 20 10 3 540 -2 -7 1 1 1 0 0.18611696449640755
10 5 20 10 3 540 -14 13 1 1 1 0 0.11397660118894651
10 5 20 10 3 540 -3 -10 1 1 1 0 0.16905417375252965
10 5 20 10 3 540 -4 -12 1 1 1 0 0.5128655748921728
10 5 20 10 3 540 11 15 1 1 1 0 0.4597922123107275
10 5 20 10 3 540 -5 1 1 2 0 118 0.25610716320334564
10 5 20 10 3 540 3 -8 1 2 1 0 0.11184977821582373
10 5 20 10 3 540 -16 -3 1 1 1 0 0.24496787786362573
10 5 20 10 3 540 -10 -11 1 1 1 0 0.18850910163468781
10 5 20 10 3 540 5 -1 1 1 1 0 0.16664490308171714
10 5 20 10 3 540 3 6 1 1 1 0 0.16172901592179692
10 5 20 10 3 540 7 0 1 1 1 0 0.33349937969175947
10 5 20 10 3 540 9 2 1 1 1 0 0.42630268725726767
10 5 20 10 3 540 -10 8 1 1 1 0 0.43294996640666594
10 5 20 10 3 540 3 12 1 1 1 0 0.32156312424554667
10 5 20 10 3 540 11 -14 1 1 1 0 0.5649276374571287
10 5 20 10 3 540 8 14 1 1 1 0 0.4115161922914905
10 5 20 10 3 540 12 -10 1 1 1 0 0.29565510412775775
10 5 20 10 3 540 5 7 1 1 1 0 0.24325444673816057
10 5 20 10 3 540 2 8 1 1 1 0 0.24179482650421144
10 5 20 10 3 540 15 2 1 1 1 0 0.28960390838263
10 5 20 10 3 540 3 -7 1 1 1 0 0.23860105416441385
10 5 20 10 3 540 -10 12 1 1 1 0 0.17799771252790725
10 5 20 10 3 540 -16 -10 1 1 1 0 0.2756130147750417
10 5 20 10 3 540 5 15 1 1 1 0 0.22010624864449754
10 5 20 10 3 540 -15 -13 1 1 1 0 0.11859803152965151
10 5 20 10 3 540 1 -7 1 1 1 0 0.5217490765447941
10 5 20 10 3 540 -10 -5 1 1 0 98 0.20182606736312705
10 5 20 10 3 540 -11 6 1 1 1 0 0.18436473589390517
10 5 20 10 3 540 -15 -11 1 1 1 0 0.5802538161065535
10 5 20 10 3 540 -15 15 1 1 1 0 0.21118322767690512
10 5 20 10 3 540 9 -6 1 1 1 0 0.5061226615508763
10 5 20 10 3 540 -16 11 1 1 1 0 0.2651554644178958
10 5 20 10 3 540 5 -7 1 1 1 0 0.577314382798633
10 5 20 10 3 540 -3 7 1 1 0 131 0.6001184948667485
10 5 20 10 3 540 13 4 1 1 1 0 0.15467444011477316
10 5 20 10 3 540 -4 5 1 1 1 0 0.13327905275723517
10 5 20 10 3 540 -13 12 1 1 1 0 0.08749661656995864
10 5 20 10 3 540 8 6 1 1 1 0 0.18530689199712802
10 5 20 10 3 540 -10 -1 1 1 1 0 0.1980516493461959
10 5 20 10 3 540 -2 -12 1 1 1 0 0.40093724289468646
10 5 20 10 3 540 -3 9 1 1 0 111 0.3333485493685205
10 5 20 10 3 540 8 10 1 1 1 0 0.15686133759660645
10 5 20 10 3 540 11 -2 1 1 1 0 0.11821799107340994
10 5 20 10 3 540 -5 0 1 1 0 92 0.14224796801315048
10 5 20 10 3 540 -1 15 1 1 1 0 0.12855386969037638
10 5 20 10 3 540 9 -3 1 1 1 0 0.12438024308786655
10 5 20 10 3 540 2 0 1 1 1 0 0.35576672873177234
10 5 20 10 3 540 15 -4 1 1 1 0 0.5086814483631777
10 5 20 10 3 540 0 11 1 1 0 113 0.26268837756098207
10 5 20 10 3 540 -15 -3 1 1 1 0 0.14000633520435213
10 5 20 10 3 540 -1 3 1 1 0 85 0.13430805484989586
10 5 20 10 3 540 -11 -13 1 1 1 0 0.12746980683320752
10 5 20 10 3 540 1 0 1 1 0 87 0.1345166394572258
10 5 20 10 3 540 -1 -14 1 1 1 0 0.17088315289764186
10 5 20 10 3 540 16 10 1 1 1 0 0.259428631289496
10 5 20 10 3 540 -10 13 1 1 1 0 0.27672076808362683
10 5 20 10 3 540 -8 -13 1 1 1 0 0.19089995704093954
10 5 20 10 3 540 -9 -8 1 1 1 0 0.12641792531207374
10 5 20 10 3 540 -3 11 1 1 0 104 0.1847471282147576
10 5 20 10 3 540 1 10 1 1 0 91 0.172876889725549
10 5 20 10 3 540 4 -8 1 1 1 0 0.13609692051127797
10 5 20 10 3 540 -13 0 1 1 1 0 0.2965962769436866
10 5 20 10 3 540 13 -3 1 1 1 0 0.5096028579399502
10 5 20 10 3 540 14 13 1 2 1 0 0.13528337246039837
10 5 20 10 3 540 -15 5 1 1 1 0 0.15525365852224407
10 5 20 10 3 540 9 3 1 1 1 0 0.35883378719685577
10 5 20 10 3 540 4 -4 1 1 1 0 0.364063581969288
10 5 20 10 3 540 9 -10 1 1 1 0 0.5375471109825751
10 5 20 10 3 540 16 -6 1 1 1 0 0.2153985709373173
10 5 20 10 3 540 5 -15 1 1 1 0 0.38415324022112607
10 5 20 10 3 540 -16 1 1 1 1 0 0.21001126258551495
10 5 20 10 3 540 -13 -13 1 1 1 0 0.24944308168797114
10 5 20 10 3 540 1 13 1 1 1 0 0.16268885260963445
10 5 20 10 3 540 10 9 1 1 1 0 0.29291915727576157
10 5 20 10 3 540 -5 11 1 1 1 0 0.5325367553237297
10 5 20 10 3 540 4 14 1 1 1 0 0.3673820452473738
10 5 20 10 3 540 -2 -1 1 1 0 93 0.12833774442437088
10 5 20 10 3 540 -7 15 1 1 1 0 0.13068561147281899
10 5 20 10 3 540 -15 4 1 1 1 0 0.5701428176249905
10 5 20 10 3 540 13 16 1 1 1 0 0.26540935610374955
10 5 20 10 3 540 13 -16 1 1 1 0 0.20668357974168472
10 5 20 10 3 540 -14 -13 1 1 1 0 0.26491097023587346
10 5 20 10 3 540 -11 -14 1 1 1 0 0.08559570312499999
10 5 20 10 3 540 0 -12 1 1 1 0 0.1536182163080307
10 5 20 10 3 540 14 8 1 1 1 0 0.5392435966476534
10 5 20 10 3 540 4 -15 1 1 1 0 0.13705486294485758
10 5 20 10 3 540 9 16 1 1 1 0 0.4262460356256005
10 5 20 10 3 540 0 0 1 1 0 114 0.3007882165241611
10 5 20 10 3 540 8 11 1 1 1 0 0.34033368353862453
10 5 20 10 3 540 7 2 1 1 1 0 0.32974672711029873
10 5 20 10 3 540 8 -6 1 1 1 0 0.211734061259276
10 5 20 10 3 540 3 9 1 1 1 0 0.32953618178296634
10 5 20 10 3 540 2 4 1 1 1 0 0.4093834296273577
10 5 20 10 3 540 12 -16 1 1 1 0 0.39052006392033795
10 5 20 10 3 540 -1 -1 1 2 0 131 0.4459762318452366
10 5 20 10 3 540 -13 15 1 1 1 0 0.47133378719685576
10 5 20 10 3 540 5 -3 1 1 1 0 0.19926435625050126
10 5 20 10 3 540 12 -1 1 1 1 0 0.10816701257215201
10 5 20 10 3 540 6 -14 1 1 1 0 0.37053737763529027
10 5 20 10 3 540 2 10 1 1 1 0 0.383512987885994
10 5 20 10 3 540 -15 -5 1 1 1 0 0.2180610163674162
10 5 20 10 3 540 3 10 1 1 1 0 0.22035347494754648
10 5 20 10 3 540 5 9 1 1 1 0 0.12474544790752694
10 5 20 10 3 540 -16 8 1 1 1 0 0.26491097023587346
10 5 20 10 3 540 1 12 1 1 0 105 0.22976498715163837
10 5 20 10 3 540 6 -15 1 1 1 0 0.5357052918663575
10 5 20 10 3 540 -6 -5 1 1 0 122 0.32298343592340495
10 5 20 10 3 540 8 -16 1 1 1 0 0.22450457352994105
10 5 20 10 3 540 10 -3 1 1 1 0 0.31015624999999997
10 5 20 10 3 540 14 9 1 1 1 0 0.22958343847882273
10 5 20 10 3 540 -11 -8 1 1 1 0 0.5525180475286199
10 5 20 10 3 540 -11 4 1 1 1 0 0.2858450546917547
10 5 20 10 3 540 0 -5 1 1 1 0 0.4106413093530633
10 5 20 10 3 540 -14 -2 1 1 1 0 0.13570284632017135
10 5 20 10 3 540 -14 9 1 2 1 0 0.24053719101304144
10 5 20 10 3 540 16 -7 1 1 1 0 0.14292611520799717
10 5 20 10 3 540 -15 9 1 1 1 0 0.08734877283393039
10 5 20 10 3 540 -4 -9 1 1 1 0 0.234947207707765
10 5 20 10 3 540 -10 5 1 1 1 0 0.12477431587924202
10 5 20 10 3 540 -2 12 1 1 0 110 0.3218192918522897
10 5 20 10 3 540 12 9 1 2 1 0 0.14253275096416473
10 5 20 10 3 540 2 -13 1 1 1 0 0.14058083000973465
10 5 20 10 3 540 -9 -7 1 1 0 98 0.20182606736312705
10 5 20 10 3 540 -5 13 1 1 1 0 0.19281724565598743
10 5 20 10 3 540 -3 -13 1 1 1 0 0.5101741682716594
10 5 20 10 3 540 9 -9 1 1 1 0 0.5224255680765322
10 5 20 10 3 540 -11 2 1 1 1 0 0.1777222990503682
10 5 20 10 3 540 -16 -16 1 1 1 0 0.4935380507274812
10 5 20 10 3 540 15 14 1 1 1 0 0.5503418065098488
10 5 20 10 3 540 -3 -7 1 2 1 0 0.5979560784152014
10 5 20 10 3 540 13 -14 1 1 1 0 0.12608315961721536
10 5 20 10 3 540 -6 -11 1 1 1 0 0.14057388410581964
10 5 20 10 3 540 -10 -10 1 1 1 0 0.6184559761224222
10 5 20 10 3 540 14 -5 1 2 1 0 0.13185340261486977
10 5 20 10 3 540 8 -12 1 1 1 0 0.3566085374924797
10 5 20 10 3 540 2 -8 1 1 1 0 0.10576959361068164
10 5 20 10 3 540 3 8 1 1 1 0 0.16278110821044695
10 5 20 10 3 540 -14 -4 1 1 1 0 0.1594065562455686
10 5 20 10 3 540 -15 -12 1 1 1 0 0.29494068652267114
10 5 20 10 3 540 8 1 1 1 1 0 0.27469252241233905
10 5 20 10 3 540 -2 -9 1 1 1 0 0.12474544790752694
10 5 20 10 3 540 5 -12 1 1 1 0 0.17610238434490458
10 5 20 10 3 540 1 -10 1 2 1 0 0.2339386675550421
10 5 20 10 3 540 -16 -15 1 1 1 0 0.4307034894877382
10 5 20 10 3 540 4 6 1 1 1 0 0.12485790095008498
10 5 20 10 3 540 -3 -4 1 1 0 102 0.14059938861240637
10 5 20 10 3 540 10 -1 1 1 1 0 0.26712365892868717
10 5 20 10 3 540 -13 11 1 1 1 0 0.3835202251957741
10 5 20 10 3 540 13 -10 1 1 1 0 0.24938734897761355
10 5 20 10 3 540 -3 16 1 1 1 0 0.15656782997412086
10 5 20 10 3 540 -8 -1 1 2 1 0 0.15774267647479445
10 5 20 10 3 540 -16 13 1 1 1 0 0.12509594797782145
10 5 20 10 3 540 13 0 1 1 1 0 0.20514500710886707
10 5 20 10 3 540 3 -9 1 1 1 0 0.10512393090590944
10 5 20 10 3 540 0 -4 1 2 0 111 0.2714270366327006
10 5 20 10 3 540 7 -6 1 1 1 0 0.2454163943952192
10 5 20 10 3 540 9 -14 1 1 1 0 0.5672735473669689
10 5 20 10 3 540 15 15 1 2 1 0 0.12543233537651657
10 5 20 10 3 540 7 14 1 2 1 0 0.5975534944146018
10 5 20 10 3 540 -11 -2 1 1 1 0 0.16178099756705733
10 5 20 10 3 540 3 -11 1 1 1 0 0.19845800546570208
10 5 20 10 3 540 -1 16 1 2 1 0 0.6193126428169082
10 5 20 10 3 540 -12 4 1 1 1 0 0.16985359135648234
10 5 20 10 3 540 -8 -7 1 1 0 119 0.31176195847515675
10 5 20 10 3 540 7 9 1 1 1 0 0.12892486991925106
10 5 20 10 3 540 4 -10 1 1 1 0 0.2740299220837255
10 5 20 10 3 540 3 -12 1 1 1 0 0.08440167232662381
10 5 20 10 3 540 -7 4 1 1 1 0 0.34639878307872884
10 5 20 10 3 540 -2 4 1 1 1 0 0.41242572246971954
10 5 20 10 3 540 -3 3 1 1 1 0 0.47835648490289545
10 5 20 10 3 540 -1 -3 1 1 0 132 0.6002206443987101
10 5 20 10 3 540 7 -11 1 1 1 0 0.13609692051127797
10 5 20 10 3 540 1 7 1 1 1 0 0.2880365339355303
10 5 20 10 3 540 0 -9 1 1 1 0 0.26426686342462113
10 5 20 10 3 540 7 5 1 1 1 0 0.06979911740618876
10 5 20 10 3 540 -16 3 1 1 1 0 0.30348420042386615
10 5 20 10 3 540 15 -9 1 1 1 0 0.1805288950633147
10 5 20 10 3 540 13 15 1 1 1 0 0.16906452213999484
10 5 20 10 3 540 15 -16 1 2 1 0 0.5453663552233635
10 5 20 10 3 540 -8 -10 1 1 1 0 0.5327788875476386
10 5 20 10 3 540 2 6 1 1 1 0 0.16399655814548314
10 5 20 10 3 540 -10 -7 1 1 1 0 0.14937168023247002
10 5 20 10 3 540 1 16 1 1 1 0 0.1568651104071371
10 5 20 10 3 540 1 14 1 1 1 0 0.5510286939788384
10 5 20 10 3 540 16 -4 1 2 1 0 0.5264567542519744
10 5 20 10 3 540 -15 -6 1 1 1 0 0.19182756491277358
10 5 20 10 3 540 10 -16 1 1 1 0 0.24042299420798321
10 5 20 10 3 540 -8 13 1 1 1 0 0.4998733211322969
10 5 20 10 3 540 5 -14 1 1 1 0 0.24165556188494292
10 5 20 10 3 540 -13 6 1 1 1 0 0.3550723487725755
10 5 20 10 3 540 -8 4 1 2 1 0 0.19043159083667036
10 5 20 10 3 540 7 -9 1 1 1 0 0.1251238969233673
10 5 20 10 3 540 13 10 1 1 1 0 0.15388182622601584
10 5 20 10 3 540 0 -1 1 1 0 129 0.5361154927591152
10 5 20 10 3 540 0 6 1 2 1 0 0.25228068570087514
10 5 20 10 3 540 15 -10 1 1 1 0 0.12443327104069524
10 5 20 10 3 540 16 1 1 1 1 0 0.16684668144083817
10 5 20 10 3 540 -12 -13 1 1 1 0 0.09766268080382551
10 5 20 10 3 540 7 -2 1 1 1 0 0.22539718049976537
10 5 20 10 3 540 -6 12 1 1 1 0 0.19432006088133197
10 5 20 10 3 540 5 -6 1 1 1 0 0.317332997239578
10 5 20 10 3 540 -13 1 1 1 1 0 0.36520580422860266
10 5 20 10 3 540 -11 7 1 1 1 0 0.42879653564517883
10 5 20 10 3 540 -13 13 1 1 1 0 0.13779944556253387
10 5 20 10 3 540 10 -12 1 2 1 0 0.4175307195278647
10 5 20 10 3 540 -9 9 1 1 1 0 0.19388960359438281
10 5 20 10 3 540 -7 -5 1 1 0 133 0.37391076830368714
10 5 20 10 3 540 2 5 1 1 1 0 0.5422455343514265
10 5 20 10 3 540 13 -13 1 1 1 0 0.5451974865910035
10 5 20 10 3 540 -8 8 1 1 1 0 0.2660685864676565
10 5 20 10 3 540 1 -6 1 1 1 0 0.1510069044556379
10 5 20 10 3 540 2 -5 1 1 1 0 0.15525365852224407
10 5 20 10 3 540 -16 -1 1 1 1 0 0.17690732081096094
10 5 20 10 3 540 9 13 1 2 1 0 0.14778800553089416
10 5 20 10 3 540 -15 2 1 1 1 0 0.17829539137332806
10 5 20 10 3 540 14 -1 1 1 1 0 0.4031188651355558
10 5 20 10 3 540 0 -11 1 1 1 0 0.09522879491175247
10 5 20 10 3 540 6 10 1 1 1 0 0.5278595439701743
10 5 20 10 3 540 11 -5 1 1 1 0 0.13344563065642429
10 5 20 10 3 540 6 -9 1 1 1 0 0.1599551612725755
10 5 20 10 3 540 -7 2 1 1 1 0 0.2323247287937824
10 5 20 10 3 540 6 -12 1 1 1 0 0.24471921890654416
10 5 20 10 3 540 6 9 1 1 1 0 0.23620176519200328
10 5 20 10 3 540 -6 14 1 1 1 0 0.16933842575474012
10 5 20 10 3 540 7 15 1 1 1 0 0.4096101079126669
10 5 20 10 3 540 3 16 1 1 1 0 0.40844359922012424
10 5 20 10 3 540 1 -5 1 1 1 0 0.22450457352994105
10 5 20 10 3 540 -2 -5 1 1 1 0 0.3318286403630966
10 5 20 10 3 540 7 12 1 1 1 0 0.13244129138548308
10 5 20 10 3 540 -8 9 1 1 1 0 0.4731760603298317
10 5 20 10 3 540 7 -5 1 1 1 0 0.6127117840940227
10 5 20 10 3 540 12 2 1 1 1 0 0.13710487862652676
10 5 20 10 3 540 -13 -12 1 1 1 0 0.19958231126597836
10 5 20 10 3 540 6 12 1 1 1 0 0.5135631161947359
10 5 20 10 3 540 11 -12 1 2 1 0 0.16101476835809359
10 5 20 10 3 540 -5 3 1 1 1 0 0.5505342647310447
10 5 20 10 3 540 11 -13 1 1 1 0 0.21156581825210527
10 5 20 10 3 540 4 15 1 1 1 0 0.13570284632017135
10 5 20 10 3 540 16 -11 1 1 1 0 0.39019402480921384
10 5 20 10 3 540 -4 -7 1 1 1 0 0.5153545928447231
10 5 20 10 3 540 -9 8 1 1 1 0 0.19992629441566917
10 5 20 10 3 540 -3 -5 1 1 1 0 0.2703811940403432
10 5 20 10 3 540 -15 -16 1 1 1 0 0.16806207407943163
10 5 20 10 3 540 -15 10 1 1 1 0 0.419734202669876
10 5 20 10 3 540 -12 -4 1 1 1 0 0.12977800526343514
10 5 20 10 3 540 16 -8 1 1 1 0 0.30725898765176773
10 5 20 10 3 540 12 14 1 1 1 0 0.5131077071160817
10 5 20 10 3 540 9 9 1 1 1 0 0.2342413280958183
10 5 20 10 3 540 -9 -2 1 1 0 85 0.14153050348143725
10 5 20 10 3 540 8 15 1 1 1 0 0.125193789739015
10 5 20 10 3 540 -4 3 1 1 1 0 0.13970097560559577
10 5 20 10 3 540 -10 -4 1 2 0 92 0.13853365983286972
10 5 20 10 3 540 -1 -4 1 1 1 0 0.20781915306314158
10 5 20 10 3 540 13 11 1 1 1 0 0.12024314569685088
10 5 20 10 3 540 9 -5 1 1 1 0 0.1243505323012814
10 5 20 10 3 540 -14 1 1 1 1 0 0.16817191517017052
10 5 20 10 3 540 -6 -1 1 1 0 123 0.41407595110788664
10 5 20 10 3 540 -14 -14 1 1 1 0 0.13615312045628128
10 5 20 10 3 540 15 -2 1 1 1 0 0.13038287745862687
10 5 20 10 3 540 -5 -5 1 2 0 116 0.27186109294517913
10 5 20 10 3 540 15 10 1 1 1 0 0.23914371203091303
10 5 20 10 3 540 -3 -12 1 1 1 0 0.19297375363572997
10 5 20 10 3 540 -4 15 1 1 0 87 0.14560649416975988
10 5 20 10 3 540 0 -15 1 1 1 0 0.19897202122906263
10 5 20 10 3 540 -1 -2 1 1 0 105 0.18482374036372878
10 5 20 10 3 540 -1 -7 1 1 1 0 0.126260690668285
10 5 20 10 3 540 10 8 1 1 1 0 0.4898037405337614
10 5 20 10 3 540 8 -9 1 2 1 0 0.22823713123322073
10 5 20 10 3 540 -11 -12 1 1 1 0 0.1456478240352801
10 5 20 10 3 540 -16 6 1 1 1 0 0.4550409029320743
10 5 20 10 3 540 3 -16 1 1 1 0 0.14599828439593043
10 5 20 10 3 540 11 -9 1 1 1 0 0.2720122387115798
10 5 20 10 3 540 -11 -6 1 1 0 94 0.1783934272394739
10 5 20 10 3 540 -14 2 1 1 1 0 0.23407232476933781
10 5 20 10 3 540 4 4 1 1 1 0 0.18503849048497745
10 5 20 10 3 540 -15 8 1 1 1 0 0.14842917026295016
10 5 20 10 3 540 12 11 1 2 1 0 0.18809597644790965
10 5 20 10 3 540 8 -1 1 1 1 0 0.13767003040101564
10 5 20 10 3 540 -10 -6 1 1 0 130 0.5778661595950205
10 5 20 10 3 540 -6 -6 1 1 0 102 0.17396442164769307
10 5 20 10 3 540 1 11 1 1 0 123 0.3994166549459295
10 5 20 10 3 540 2 3 1 1 1 0 0.22312963827607915
10 5 20 10 3 540 -3 8 1 1 0 126 0.4621548148375829
10 5 20 10 3 540 -15 -8 1 2 1 0 0.2486293616387501
10 5 20 10 3 540 -13 -6 1 1 1 0 0.49468398384799195
10 5 20 10 3 540 12 1 1 1 1 0 0.16851594337262032
10 5 20 10 3 540 9 14 1 1 1 0 0.41190256649279716
10 5 20 10 3 540 -1 -6 1 1 1 0 0.20304750314929426
10 5 20 10 3 540 -4 10 1 1 1 0 0.18900018643180375
10 5 20 10 3 540 -13 16 1 1 1 0 0.12269710106557617
10 5 20 10 3 540 8 -10 1 1 1 0 0.453214811601772
10 5 20 10 3 540 -16 -14 1 1 1 0 0.19845800546570208
10 5 20 10 3 540 -11 -3 1 1 1 0 0.22174793173735635
10 5 20 10 3 540 15 -1 1 1 1 0 0.17088315289764186
10 5 20 10 3 540 1 -2 1 1 0 125 0.5560565114994287
10 5 20 10 3 540 0 16 1 1 1 0 0.24740219912826117
10 5 20 10 3 540 -11 3 1 1 1 0 0.14378242745850403
10 5 20 10 3 540 -2 11 1 1 0 129 0.49775730568587156
10 5 20 10 3 540 -14 11 1 1 1 0 0.10105207489196788
10 5 20 10 3 540 4 -12 1 1 1 0 0.36209685392817814
10 5 20 10 3 540 12 -7 1 1 1 0 0.2556395388263414
10 5 20 10 3 540 -1 -5 1 1 1 0 0.3204809820147975
10 5 20 10 3 540 -15 -14 1 1 1 0 0.559418596114663
10 5 20 10 3 540 -8 -9 1 1 1 0 0.18232128645512136
10 5 20 10 3 540 -9 7 1 1 1 0 0.17488188427526366
10 5 20 10 3 540 -15 -10 1 1 1 0 0.11281642306389267
10 5 20 10 3 540 4 -3 1 1 1 0 0.331236838450731
10 5 20 10 3 540 -10 -15 1 1 1 0 0.14834065073994207
10 5 20 10 3 540 2 7 1 2 1 0 0.19947840239921527
10 5 20 10 3 540 10 -9 1 1 1 0 0.4196915194123735
10 5 20 10 3 540 13 8 1 1 1 0 0.5994371339568485
10 5 20 10 3 540 2 16 1 1 1 0 0.3073034418988624
10 5 20 10 3 540 -4 4 1 1 1 0 0.438732177964881
10 5 20 10 3 540 2 15 1 1 1 0 0.3607811865244883
10 5 20 10 3 540 10 7 1 1 1 0 0.2831381655374108
10 5 20 10 3 540 -14 -5 1 1 1 0 0.36880879830039315
10 5 20 10 3 540 -15 -4 1 1 1 0 0.20911790100632016
10 5 20 10 3 540 -16 -13 1 1 1 0 0.2514371140614085
10 5 20 10 3 540 5 2 1 1 1 0 0.2230425137664933
10 5 20 10 3 540 3 13 1 1 1 0 0.14896285203156776
10 5 20 10 3 540 1 -12 1 1 1 0 0.24804361949263365
10 5 20 10 3 540 2 1 1 1 1 0 0.3540660720640077
10 5 20 10 3 540 15 7 1 1 1 0 0.30747866394145096
10 5 20 10 3 540 10 1 1 1 1 0 0.2111775371968558
10 5 20 10 3 540 -13 -4 1 1 1 0 0.20616903746315407
10 5 20 10 3 540 7 -7 1 1 1 0 0.18467587260751722
10 5 20 10 3 540 3 11 1 2 1 0 0.13006778591441515
10 5 20 10 3 540 4 9 1 1 1 0 0.4909298311052551
10 5 20 10 3 540 -5 15 1 1 1 0 0.12641792531207374
10 5 20 10 3 540 15 4 1 1 1 0 0.2280052100215027
10 5 20 10 3 540 15 -3 1 1 1 0 0.46017484744650256
10 5 20 10 3 540 9 -12 1 1 1 0 0.25475800889409245
10 5 20 10 3 540 2 -11 1 1 1 0 0.2655385372478074
10 5 20 10 3 540 -11 14 1 1 1 0 0.5405779765926704
10 5 20 10 3 540 -1 4 1 1 1 0 0.6205253497212136
10 5 20 10 3 540 -15 -7 1 1 1 0 0.1285058300860799
10 5 20 10 3 540 8 5 1 2 1 0 0.5059465671802701
10 5 20 10 3 540 14 15 1 1 1 0 0.32895341870322564
10 5 20 10 3 540 6 14 1 1 1 0 0.2690644341058452
10 5 20 10 3 540 5 -11 1 1 1 0 0.2533030612909709
10 5 20 10 3 540 10 11 1 1 1 0 0.27229908730904656
10 5 20 10 3 540 13 -7 1 1 1 0 0.20316110303338894
10 5 20 10 3 540 9 -1 1 1 1 0 0.13127077982909127
10 5 20 10 3 540 -16 16 1 1 1 0 0.22880257274433555
10 5 20 10 3 540 12 16 1 1 1 0 0.15168513937170602
10 5 20 10 3 540 -2 -4 1 1 0 85 0.1453705401236376
10 5 20 10 3 540 16 -14 1 2 1 0 0.4989790215614957
10 5 20 10 3 540 -13 -8 1 1 1 0 0.2915183812332207
10 5 20 10 3 540 16 7 1 1 1 0 0.25639964233572876
10 5 20 10 3 540 0 -3 1 1 0 125 0.4295423836245716
10 5 20 10 3 540 6 8 1 1 1 0 0.2173474267178641
10 5 20 10 3 540 -15 3 1 1 1 0 0.3185437029342017
10 5 20 10 3 540 2 -9 1 1 1 0 0.1159331479817176
10 5 20 10 3 540 -1 -10 1 1 1 0 0.20336398343611667
10 5 20 10 3 540 8 -2 1 1 1 0 0.266350287817793
10 5 20 10 3 540 -1 0 1 2 0 104 0.1847471282147576
10 5 20 10 3 540 7 -13 1 1 1 0 0.12816665311302014
10 5 20 10 3 540 1 -11 1 1 1 0 0.25395139853642923
10 5 20 10 3 540 16 -5 1 1 1 0 0.12534484070963214
10 5 20 10 3 540 7 10 1 1 1 0 0.6115870074623864
10 5 20 10 3 540 9 15 1 1 1 0 0.5139825900545089
10 5 20 10 3 540 6 11 1 2 1 0 0.14282175689604257
10 5 20 10 3 540 -12 -12 1 1 1 0 0.324031021724151
10 5 20 10 3 540 -11 1 1 1 1 0 0.31968554734157517
10 5 20 10 3 540 16 0 1 1 1 0 0.26165186444894156
10 5 20 10 3 540 -9 10 1 1 1 0 0.25396064617125963
10 5 20 10 3 540 -10 9 1 1 1 0 0.1565448264057065
10 5 20 10 3 540 -4 2 1 1 1 0 0.4557866342383373
10 5 20 10 3 540 5 11 1 1 1 0 0.20479973175179664
10 5 20 10 3 540 0 2 1 1 1 0 0.6216870841383969
10 5 20 10 3 540 -3 -3 1 0 0 113 0.1811477322788561
10 5 20 10 3 540 6 -1 1 1 1 0 0.16601996247665435
10 5 20 10 3 540 -12 -10 1 2 1 0 0.4728108555101714
10 5 20 10 3 540 16 5 1 1 1 0 0.3066564904090328
10 5 20 10 3 540 -12 16 1 1 1 0 0.16601586645939928
10 5 20 10 3 540 2 -14 1 1 1 0 0.13097403226304438
10 5 20 10 3 540 5 12 1 1 1 0 0.2201642570357805
10 5 20 10 3 540 -10 -12 1 1 1 0 0.17403554954851858
10 5 20 10 3 540 4 5 1 1 1 0 0.1406623646732314
10 5 20 10 3 540 -12 7 1 1 1 0 0.20685872555156132
10 5 20 10 3 540 13 2 1 1 1 0 0.19255213543889338
10 5 20 10 3 540 -13 8 1 2 1 0 0.49349950101072265
10 5 20 10 3 540 -15 1 1 2 1 0 0.17312965567276126
10 5 20 10 3 540 -16 14 1 1 1 0 0.3328762684556803
10 5 20 10 3 540 4 -6 1 1 1 0 0.36999389096106816
10 5 20 10 3 540 -6 -7 1 1 0 125 0.479344054853769
10 5 20 10 3 540 8 -8 1 1 1 0 0.4366630615199059
10 5 20 10 3 540 -7 8 1 1 1 0 0.17537630704819387
10 5 20 10 3 540 -5 7 1 1 1 0 0.5758929610552395
10 5 20 10 3 540 8 13 1 1 1 0 0.44153649885603335
10 5 20 10 3 540 -8 6 1 1 1 0 0.20414244971983495
10 5 20 10 3 540 -6 2 1 1 1 0 0.5495552610132326
10 5 20 10 3 540 -15 12 1 1 1 0 0.11328125
10 5 20 10 3 540 0 10 1 1 0 95 0.15463471577986038
10 5 20 10 3 540 -13 14 1 1 1 0 0.1866420259676159
10 5 20 10 3 540 9 -13 1 1 1 0 0.43029623782069404
10 5 20 10 3 540 11 9 1 1 1 0 0.2679193574448358
10 5 20 10 3 540 6 -7 1 1 1 0 0.21395925335539773
10 5 20 10 3 540 7 7 1 1 1 0 0.10237777154154742
10 5 20 10 3 540 8 8 1 1 1 0 0.1292751241500417
10 5 20 10 3 540 -5 -11 1 1 1 0 0.25100519320005166
10 5 20 10 3 540 -15 -2 1 1 1 0 0.1594065562455686
10 5 20 10 3 540 -2 13 1 1 0 104 0.2617638472550142
10 5 20 10 3 540 13 -8 1 1 1 0 0.13773965942263658
10 5 20 10 3 540 14 16 1 1 1 0 0.18850910163468781
10 5 20 10 3 540 -13 -7 1 1 1 0 0.18636925504542887
10 5 20 10 3 540 -11 5 1 1 1 0 0.2303930546186525
10 5 20 10 3 540 10 13 1 1 1 0 0.547440151818154
10 5 20 10 3 540 -14 7 1 1 1 0 0.16806207407943163
10 5 20 10 3 540 6 -6 1 1 1 0 0.2595094616977042
10 5 20 10 3 540 0 -8 1 2 1 0 0.14088077276680921
10 5 20 10 3 540 15 9 1 1 1 0 0.1329041549715234
10 5 20 10 3 540 -4 -8 1 1 1 0 0.4606651208109513
10 5 20 10 3 540 13 9 1 2 1 0 0.1876655191609605
10 5 20 10 3 540 13 -1 1 1 1 0 0.31013014307386044
10 5 20 10 3 540 12 -8 1 1 1 0 0.16134455834157624
10 5 20 10 3 540 -10 0 1 1 1 0 0.14579172428777615
10 5 20 10 3 540 -6 5 1 1 1 0 0.22384534316603405
10 5 20 10 3 540 -2 3 1 1 0 123 0.4618481936869062
10 5 20 10 3 540 13 -15 1 1 1 0 0.1847771984652294
10 5 20 10 3 540 -11 9 1 1 1 0 0.3250005723482057
10 5 20 10 3 540 -1 8 1 2 0 123 0.4618481936869062
10 5 20 10 3 540 2 2 1 1 1 0 0.1585498895510826
10 5 20 10 3 540 -10 6 1 1 1 0 0.5081883635386174
10 5 20 10 3 540 -16 -9 1 1 1 0 0.5727411624685584
10 5 20 10 3 540 -8 10 1 1 1 0 0.37264761954704007
10 5 20 10 3 540 -11 15 1 1 1 0 0.1879540006662816
10 5 20 10 3 540 4 -11 1 1 1 0 0.14834065073994207
10 5 20 10 3 540 -12 -2 1 1 1 0 0.18232128645512136
10 5 20 10 3 540 10 16 1 1 1 0 0.49373415199640747
10 5 20 10 3 540 -12 -16 1 1 1 0 0.15711876945497208
10 5 20 10 3 540 -15 -15 1 1 1 0 0.3692316980326334
10 5 20 10 3 540 15 1 1 1 1 0 0.34927838292914104
10 5 20 10 3 540 -2 -11 1 1 1 0 0.16426053004427418
10 5 20 10 3 540 -11 -11 1 1 1 0 0.37804930461865244
10 5 20 10 3 540 -5 12 1 1 1 0 0.19656229579641443
10 5 20 10 3 540 -12 3 1 1 1 0 0.18585408944368664
10 5 20 10 3 540 9 11 1 1 1 0 0.14193472892204012
10 5 20 10 3 540 -3 14 1 1 0 106 0.2374089299808144
10 5 20 10 3 540 12 7 1 1 1 0 0.20086752721856366
10 5 20 10 3 540 9 10 1 1 1 0 0.37973008761711446
10 5 20 10 3 540 15 -5 1 1 1 0 0.1251238969233673
10 5 20 10 3 540 11 13 1 1 1 0 0.20337034611450613
10 5 20 10 3 540 10 -11 1 1 1 0 0.15766960303734293
10 5 20 10 3 540 10 -5 1 1 1 0 0.24547584226235644
10 5 20 10 3 540 16 -10 1 1 1 0 0.26474180191435664
10 5 20 10 3 540 0 9 1 1 0 122 0.47901116627806334
10 5 20 10 3 540 3 4 1 1 1 0 0.1949947786233518
10 5 20 10 3 540 15 -12 1 1 1 0 0.16804056599365652
10 5 20 10 3 540 -2 6 1 2 0 100 0.21506856004202243
10 5 20 10 3 540 11 12 1 1 1 0 0.33349937969175947
10 5 20 10 3 540 -14 -7 1 1 1 0 0.1955102035077644
10 5 20 10 3 540 8 -14 1 1 1 0 0.1164099166696803
10 5 20 10 3 540 -7 0 1 1 1 0 0.14866091403111803
10 5 20 10 3 540 12 -4 1 1 1 0 0.1989424021267407
10 5 20 10 3 540 2 -16 1 1 1 0 0.4093834296273577
10 5 20 10 3 540 1 9 1 1 1 0 0.22103716553600436
10 5 20 10 3 540 0 7 1 2 1 0 0.1622628725827057
10 5 20 10 3 540 5 8 1 2 1 0 0.29198571466028006
10 5 20 10 3 540 -13 -1 1 2 1 0 0.5977589221256607
10 5 20 10 3 540 4 10 1 1 1 0 0.1923427305145158
10 5 20 10 3 540 -8 -8 1 1 0 93 0.1681557801900262
10 5 20 10 3 540 13 1 1 1 1 0 0.2568600094784894
10 5 20 10 3 540 -12 -3 1 1 1 0 0.1624107397998612
10 5 20 10 3 540 -10 4 1 1 1 0 0.1325813120063115
10 5 20 10 3 540 -16 -11 1 1 1 0 0.18123889368393353
10 5 20 10 3 540 -15 7 1 1 1 0 0.2295678301433563
10 5 20 10 3 540 -1 12 1 1 0 124 0.4294482944628611
10 5 20 10 3 540 -2 14 1 1 0 111 0.31099020690566126
10 5 20 10 3 540 -16 9 1 1 1 0 0.1416145408813136
10 5 20 10 3 540 -6 -10 1 1 1 0 0.37066434161143963
10 5 20 10 3 540 -16 -7 1 1 1 0 0.48901026793162083
10 5 20 10 3 540 -2 2 1 1 0 93 0.13861683514251968
10 5 20 10 3 540 -9 -1 1 1 1 0 0.36520580422860266
10 5 20 10 3 540 2 -4 1 1 1 0 0.618753344337211
10 5 20 10 3 540 -16 10 1 1 1 0 0.2440695814089497
10 5 20 10 3 540 13 -11 1 1 1 0 0.14692946808743493
10 5 20 10 3 540 -12 1 1 1 1 0 0.17312965567276126
10 5 20 10 3 540 1 -16 1 1 1 0 0.5217490765447941
10 5 20 10 3 540 -16 4 1 2 1 0 0.379804766359117
10 5 20 10 3 540 7 -3 1 1 1 0 0.4550409029320743
10 5 20 10 3 540 11 -6 1 1 1 0 0.1935594707164573
10 5 20 10 3 540 13 -12 1 1 1 0 0.10474925041198731
10 5 20 10 3 540 3 1 1 1 1 0 0.5294801438835559
10 5 20 10 3 540 7 -14 1 1 1 0 0.17404892820298798
10 5 20 10 3 540 -14 -11 1 2 1 0 0.1444659797433085
10 5 20 10 3 540 -6 4 1 1 1 0 0.12581217413669152
10 5 20 10 3 540 8 7 1 1 1 0 0.16124442372530745
10 5 20 10 3 540 -6 -8 1 2 0 112 0.31110110731852786
10 5 20 10 3 540 12 -11 1 1 1 0 0.14347261654451854
10 5 20 10 3 540 16 -3 1 1 1 0 0.12082671477464282
10 5 20 10 3 540 3 -4 1 1 1 0 0.15181652059546769
10 5 20 10 3 540 -2 -2 1 1 0 130 0.3999773285244616
10 5 20 10 3 540 -7 -9 1 1 1 0 0.19510986127683944
10 5 20 10 3 540 6 13 1 1 1 0 0.299137987885994
10 5 20 10 3 540 -13 -2 1 1 1 0 0.18195046937542367
10 5 20 10 3 540 8 16 1 1 1 0 0.18012113232180466
10 5 20 10 3 540 10 -8 1 1 1 0 0.4027323192221558
