20 10 5 1 10 1 3 448 378 0 821 617 204 159 100 159 130
20 10 5 1 10 1 3 449 394 0 808 602 206 172 107 172 131
20 10 5 1 10 1 3 450 410 0 803 586 217 177 110 177 139
20 10 5 1 10 1 3 451 420 0 798 570 228 182 114 182 144
20 10 5 1 10 1 3 452 438 0 793 560 233 187 117 187 156
20 10 5 1 10 1 3 453 451 0 784 542 242 196 119 196 156
20 10 5 1 10 1 3 454 464 0 777 529 248 203 123 203 160
20 10 5 1 10 1 3 455 478 0 766 516 250 214 124 214 164
20 10 5 1 10 1 3 456 498 0 753 502 251 227 134 227 167
20 10 5 1 10 1 3 457 516 0 746 482 264 234 138 234 176
20 10 5 1 10 1 3 458 524 0 737 464 273 243 140 243 177
20 10 5 1 10 1 3 459 537 0 731 456 275 249 140 249 189
20 10 5 1 10 1 3 460 551 0 718 443 275 262 149 262 189
20 10 5 1 10 1 3 461 560 0 710 429 281 270 150 270 194
20 10 5 1 10 1 3 462 576 0 702 420 282 278 150 278 200
20 10 5 1 10 1 3 463 593 0 691 404 287 289 149 289 209
20 10 5 1 10 1 3 464 608 0 677 387 290 303 154 303 213
20 10 5 1 10 1 3 465 623 0 664 372 292 316 160 316 208
20 10 5 1 10 1 3 466 633 0 654 357 297 326 161 326 211
20 10 5 1 10 1 3 467 646 0 637 347 290 343 167 343 208
20 10 5 1 10 1 3 468 653 0 628 334 294 352 165 352 208
20 10 5 1 10 1 3 469 669 0 617 327 290 363 164 363 213
20 10 5 1 10 1 3 470 687 0 602 311 291 378 175 378 215
20 10 5 1 10 1 3 471 704 0 586 293 293 394 180 394 214
20 10 5 1 10 1 3 472 715 0 570 276 294 410 185 410 213
20 10 5 1 10 1 3 473 722 0 560 265 295 420 186 420 213
20 10 5 1 10 1 3 474 733 0 542 258 284 438 191 438 208
20 10 5 1 10 1 3 475 742 0 529 247 282 451 192 451 202
20 10 5 1 10 1 3 476 756 0 516 238 278 464 195 464 205
20 10 5 1 10 1 3 477 775 0 502 224 278 478 197 478 209
20 10 5 1 10 1 3 478 788 0 482 205 277 498 203 498 206
20 10 5 1 10 1 3 479 795 0 464 192 272 516 210 516 199
20 10 5 1 10 1 3 480 800 0 456 185 271 524 196 524 198
20 10 5 1 10 1 3 481 809 0 443 180 263 537 196 537 196
20 10 5 1 10 1 3 482 820 0 429 171 258 551 195 551 191
20 10 5 1 10 1 3 483 829 0 420 160 260 560 190 560 196
20 10 5 1 10 1 3 484 841 0 404 151 253 576 193 576 199
20 10 5 1 10 1 3 485 853 0 387 139 248 593 198 593 195
20 10 5 1 10 1 3 486 860 0 372 127 245 608 199 608 187
20 10 5 1 10 1 3 487 867 0 357 120 237 623 198 623 177
20 10 5 1 10 1 3 488 874 0 347 113 234 633 195 633 176
20 10 5 1 10 1 3 489 882 0 334 106 228 646 199 646 174
20 10 5 1 10 1 3 490 887 0 327 98 229 653 199 653 176
20 10 5 1 10 1 3 491 898 0 311 93 218 669 196 669 172
20 10 5 1 10 1 3 492 906 0 293 82 211 687 195 687 166
20 10 5 1 10 1 3 493 914 0 276 74 202 704 193 704 156
20 10 5 1 10 1 3 494 921 0 265 66 199 715 189 715 152
20 10 5 1 10 1 3 495 927 0 258 59 199 722 183 722 152
20 10 5 1 10 1 3 496 933 0 247 53 194 733 181 733 149
20 10 5 1 10 1 3 497 937 0 238 47 191 742 176 742 145
20 10 5 1 10 1 3 498 941 0 224 43 181 756 175 756 142
20 10 5 1 10 1 3 499 947 0 205 39 166 775 179 775 131
20 10 5 1 10 1 3 500 952 0 192 33 159 788 172 788 126
20 10 5 1 10 1 3 501 958 0 185 28 157 795 165 795 126
20 10 5 1 10 1 3 502 960 0 180 22 158 800 152 800 127
20 10 5 1 10 1 3 503 963 0 171 20 151 809 145 809 124
20 10 5 1 10 1 3 504 965 0 160 17 143 820 143 820 117
20 10 5 1 10 1 3 505 966 0 151 15 136 829 146 829 112
20 10 5 1 10 1 3 506 969 0 139 14 125 841 144 841 106
20 10 5 1 10 1 3 507 973 0 127 11 116 853 141 853 99
20 10 5 1 10 1 3 508 975 0 120 7 113 860 136 860 98
20 10 5 1 10 1 3 509 975 0 113 5 108 867 136 867 93
20 10 5 1 10 1 3 510 975 0 106 5 101 874 131 874 89
20 10 5 1 10 1 3 510 975 0 106 5 101 874 220 874 89
20 10 5 1 10 1 3 540 975 0 106 5 101 874 50 874 89
