1 30 5 1 10 1 1 0 0 762 0 0 0 0 10 0 0
1 30 5 1 10 1 1 1 0 754 8 8 0 0 10 0 0
1 30 5 1 10 1 1 2 0 746 16 16 0 0 10 0 0
1 30 5 1 10 1 1 3 0 738 24 24 0 0 10 0 0
1 30 5 1 10 1 1 4 0 730 32 32 0 0 10 0 0
1 30 5 1 10 1 1 5 0 722 40 40 0 0 10 0 0
1 30 5 1 10 1 1 6 0 714 48 48 0 0 10 0 0
1 30 5 1 10 1 1 7 0 706 56 56 0 0 10 0 0
1 30 5 1 10 1 1 8 1 698 64 64 0 0 10 0 0
1 30 5 1 10 1 1 9 3 690 72 72 0 0 10 0 0
1 30 5 1 10 1 1 10 5 682 80 79 1 0 10 0 0
1 30 5 1 10 1 1 11 5 674 88 86 2 0 10 0 0
1 30 5 1 10 1 1 12 6 666 96 94 2 0 10 0 0
1 30 5 1 10 1 1 13 7 658 104 101 3 0 10 0 0
1 30 5 1 10 1 1 14 8 650 112 109 3 0 10 0 0
1 30 5 1 10 1 1 15 9 642 120 116 4 0 10 0 0
1 30 5 1 10 1 1 16 10 634 128 123 5 0 10 0 1
1 30 5 1 10 1 1 17 11 626 136 130 6 0 10 0 2
1 30 5 1 10 1 1 18 11 618 144 137 7 0 10 0 2
1 30 5 1 10 1 1 19 13 610 152 145 7 0 10 0 3
1 30 5 1 10 1 1 20 14 602 160 152 8 0 10 0 3
1 30 5 1 10 1 1 21 15 594 168 159 9 0 10 0 4
1 30 5 1 10 1 1 22 17 586 176 167 9 0 10 0 5
1 30 5 1 10 1 1 23 19 578 184 173 11 0 10 0 6
1 30 5 1 10 1 1 24 20 570 192 179 13 0 10 0 7
1 30 5 1 10 1 1 25 22 562 200 187 13 0 10 0 7
1 30 5 1 10 1 1 26 24 554 208 194 14 0 10 0 8
1 30 5 1 10 1 1 27 25 546 216 200 16 0 10 0 9
1 30 5 1 10 1 1 28 26 538 224 208 16 0 10 0 9
1 30 5 1 10 1 1 29 27 530 232 215 17 0 10 0 11
1 30 5 1 10 1 1 30 29 522 240 222 18 0 10 0 13
1 30 5 1 10 1 1 31 33 514 247 229 18 1 11 1 12
1 30 5 1 10 1 1 32 37 506 254 235 19 2 12 2 12
1 30 5 1 10 1 1 33 40 498 262 240 22 2 12 2 14
1 30 5 1 10 1 1 34 41 490 269 245 24 3 13 3 13
1 30 5 1 10 1 1 35 42 482 277 252 25 3 13 3 14
1 30 5 1 10 1 1 36 44 474 284 259 25 4 14 4 14
1 30 5 1 10 1 1 37 45 466 291 265 26 5 15 5 14
1 30 5 1 10 1 1 38 49 458 298 273 25 6 16 6 15
1 30 5 1 10 1 1 39 54 450 305 278 27 7 17 7 17
1 30 5 1 10 1 1 40 59 442 313 281 32 7 17 7 20
1 30 5 1 10 1 1 41 61 434 320 285 35 8 18 8 20
1 30 5 1 10 1 1 42 63 426 327 291 36 9 19 9 20
1 30 5 1 10 1 1 43 65 418 335 298 37 9 19 9 22
1 30 5 1 10 1 1 44 66 410 341 303 38 11 21 11 20
1 30 5 1 10 1 1 45 71 402 347 311 36 13 23 13 21
1 30 5 1 10 1 1 46 77 394 355 316 39 13 23 13 26
1 30 5 1 10 1 1 47 84 386 362 320 42 14 24 14 29
1 30 5 1 10 1 1 48 93 378 368 323 45 16 26 16 29
1 30 5 1 10 1 1 49 97 370 376 325 51 16 26 16 30
1 30 5 1 10 1 1 50 100 362 383 329 54 17 27 17 32
1 30 5 1 10 1 1 51 101 354 390 335 55 18 28 18 31
1 30 5 1 10 1 1 52 104 346 397 342 55 19 29 19 33
1 30 5 1 10 1 1 53 109 338 403 346 57 21 31 21 35
1 30 5 1 10 1 1 54 117 330 408 350 58 24 34 24 37
1 30 5 1 10 1 1 55 123 322 413 348 65 27 37 27 40
1 30 5 1 10 1 1 56 129 314 420 350 70 28 38 28 43
1 30 5 1 10 1 1 57 134 306 427 353 74 29 39 29 44
1 30 5 1 10 1 1 58 141 298 433 359 74 31 41 31 43
1 30 5 1 10 1 1 59 147 290 441 361 80 31 41 31 47
1 30 5 1 10 1 1 60 149 282 446 363 83 34 44 34 48
1 30 5 1 10 1 1 61 162 274 449 368 81 39 49 39 53
1 30 5 1 10 1 1 62 173 266 453 365 88 43 53 43 55
1 30 5 1 10 1 1 63 187 258 459 366 93 45 55 45 58
1 30 5 1 10 1 1 64 192 250 466 362 104 46 56 46 59
1 30 5 1 10 1 1 65 198 242 471 365 106 49 59 49 62
1 30 5 1 10 1 1 66 206 234 479 368 111 49 59 49 68
1 30 5 1 10 1 1 67 214 226 484 371 113 52 62 52 68
1 30 5 1 10 1 1 68 228 218 488 370 118 56 66 56 75
1 30 5 1 10 1 1 69 239 210 491 367 124 61 71 61 77
1 30 5 1 10 1 1 70 255 202 493 366 127 67 77 67 83
1 30 5 1 10 1 1 71 266 194 497 362 135 71 81 71 84
1 30 5 1 10 1 1 72 277 186 503 360 143 73 83 73 87
1 30 5 1 10 1 1 73 286 178 510 360 150 74 84 74 91
1 30 5 1 10 1 1 74 294 170 514 360 154 78 88 78 96
1 30 5 1 10 1 1 75 308 162 518 360 158 82 92 82 103
1 30 5 1 10 1 1 76 325 154 516 355 161 92 102 92 102
1 30 5 1 10 1 1 77 336 146 518 350 168 98 108 98 108
1 30 5 1 10 1 1 78 348 138 521 349 172 103 113 103 113
1 30 5 1 10 1 1 79 360 130 527 344 183 105 115 105 119
1 30 5 1 10 1 1 80 373 122 529 342 187 111 121 111 121
1 30 5 1 10 1 1 81 387 114 531 337 194 117 127 117 123
1 30 5 1 10 1 1 82 396 106 536 334 202 120 130 120 133
1 30 5 1 10 1 1 83 412 98 533 334 199 131 141 131 135
1 30 5 1 10 1 1 84 425 90 534 329 205 138 148 138 137
1 30 5 1 10 1 1 85 436 82 530 326 204 150 160 150 138
1 30 5 1 10 1 1 86 448 74 533 325 208 155 165 155 143
1 30 5 1 10 1 1 87 459 66 536 322 214 160 170 160 151
1 30 5 1 10 1 1 88 471 58 539 319 220 165 175 165 157
1 30 5 1 10 1 1 89 485 50 538 315 223 174 184 174 156
1 30 5 1 10 1 1 90 501 42 535 312 223 185 195 185 158
1 30 5 1 10 1 1 91 515 34 534 303 231 194 204 194 160
1 30 5 1 10 1 1 92 533 26 530 301 229 206 216 206 157
1 30 5 1 10 1 1 93 548 18 528 290 238 216 226 216 158
1 30 5 1 10 1 1 94 558 10 528 286 242 224 234 224 161
1 30 5 1 10 1 1 95 573 2 528 283 245 232 242 232 165
1 30 5 1 10 1 1 96 591 0 522 270 252 240 250 240 168
1 30 5 1 10 1 1 97 605 0 509 252 257 253 263 253 172
1 30 5 1 10 1 1 98 619 0 496 236 260 266 276 266 169
1 30 5 1 10 1 1 99 634 0 487 221 266 275 285 275 179
1 30 5 1 10 1 1 100 644 0 474 203 271 288 298 288 178
1 30 5 1 10 1 1 101 664 0 464 191 273 298 308 298 179
1 30 5 1 10 1 1 102 677 0 451 172 279 311 321 311 181
1 30 5 1 10 1 1 103 690 0 440 159 281 322 332 322 188
1 30 5 1 10 1 1 104 705 0 432 147 285 330 340 330 196
1 30 5 1 10 1 1 105 716 0 419 135 284 343 353 343 198
1 30 5 1 10 1 1 106 736 0 408 124 284 354 364 354 205
1 30 5 1 10 1 1 107 746 0 399 107 292 363 373 363 208
1 30 5 1 10 1 1 108 758 0 388 99 289 374 384 374 216
1 30 5 1 10 1 1 109 774 0 377 89 288 385 395 385 218
1 30 5 1 10 1 1 110 789 0 365 74 291 397 407 397 218
1 30 5 1 10 1 1 111 803 0 354 61 293 408 418 408 219
1 30 5 1 10 1 1 112 816 0 337 48 289 425 435 425 213
1 30 5 1 10 1 1 113 828 0 327 37 290 435 445 435 220
1 30 5 1 10 1 1 114 839 0 308 26 282 454 464 454 209
1 30 5 1 10 1 1 115 849 0 296 16 280 466 476 466 207
1 30 5 1 10 1 1 116 855 0 285 9 276 477 487 477 211
1 30 5 1 10 1 1 117 859 0 270 5 265 492 502 492 209
1 30 5 1 10 1 1 118 860 0 252 1 251 510 520 510 204
1 30 5 1 10 1 1 119 860 0 236 0 236 526 536 526 199
1 30 5 1 10 1 1 120 860 0 221 0 221 541 551 541 195
1 30 5 1 10 1 1 121 860 0 203 0 203 559 569 559 187
1 30 5 1 10 1 1 122 860 0 191 0 191 571 581 571 182
1 30 5 1 10 1 1 123 860 0 172 0 172 590 600 590 167
1 30 5 1 10 1 1 124 860 0 159 0 159 603 613 603 158
1 30 5 1 10 1 1 125 860 0 147 0 147 615 625 615 147
1 30 5 1 10 1 1 126 860 0 135 0 135 627 637 627 135
1 30 5 1 10 1 1 127 860 0 124 0 124 638 648 638 124
1 30 5 1 10 1 1 128 860 0 107 0 107 655 665 655 107
1 30 5 1 10 1 1 129 860 0 99 0 99 663 673 663 99
1 30 5 1 10 1 1 130 860 0 89 0 89 673 683 673 89
1 30 5 1 10 1 1 131 860 0 74 0 74 688 698 688 74
1 30 5 1 10 1 1 132 860 0 61 0 61 701 711 701 61
1 30 5 1 10 1 1 133 860 0 48 0 48 714 724 714 48
1 30 5 1 10 1 1 134 860 0 37 0 37 725 735 725 37
1 30 5 1 10 1 1 135 860 0 26 0 26 736 746 736 26
1 30 5 1 10 1 1 136 860 0 16 0 16 746 756 746 16
1 30 5 1 10 1 1 137 860 0 9 0 9 753 763 753 9
1 30 5 1 10 1 1 138 860 0 5 0 5 757 767 757 5
1 30 5 1 10 1 1 139 860 0 1 0 1 761 771 761 1
1 30 5 1 10 1 1 140 860 0 0 0 0 762 772 762 0
1 30 5 1 10 1 1 141 860 0 0 0 0 762 772 762 0
1 30 5 1 10 1 1 142 860 0 0 0 0 762 772 762 0
1 30 5 1 10 1 1 143 860 0 0 0 0 762 772 762 0
1 30 5 1 10 1 1 144 860 0 0 0 0 762 772 762 0
1 30 5 1 10 1 1 145 860 0 0 0 0 762 772 762 0
1 30 5 1 10 1 1 146 860 0 0 0 0 762 772 762 0
1 30 5 1 10 1 1 147 860 0 0 0 0 762 772 762 0
1 30 5 1 10 1 1 148 860 0 0 0 0 762 772 762 0
1 30 5 1 10 1 1 149 860 0 0 0 0 762 772 762 0
